,0,1,2,3,4,5,6,7,8,9,10,11,12,13,14,15,16,17,18,19,20,21,22,23,24,25,26,27,28,29,30,31,32,33,34,35,36,37,38,39,40,41,42,43,44,45,46,47,48,49,50,51,52,53,54,55,56,57,58,59,60,61,62,63,64,65,66,67,68,69,70,71,72,73,74,75,76,77,78,79,80,81,82,83,84,85,86,87,88,89,90,91,92,93,94,95,96,97,98,99,100,101,102,103,104,105,106,107,108,109,110,111,112,113,114,115,116,117,118,119,120,121,122,123,124,125,126,127,128,129,130,131,132,133,134,135,136,137,138,139,140,141,142,143,144,145,146,147,148,149,150,151,152,153,154,155,156,157,158,159,160,161,162,163,164,165,166,167,168,169,170,171,172,173,174,175,176,177,178,179,180,181,182,183,184,185,186,187,188,189,190,191,192,193,194,195,196,197,198,199,200,201,202,203,204,205,206,207,208,209,210,211,212,213,214,215,216,217,218,219,220,221,222,223,224,225,226,227,228,229,230,231,232,233,234,235,236,237,238,239,240,241,242,243,244,245,246,247,248,249,250,251,252,253,254,255,256,257,258,259,260,261,262,263,264,265,266,267,268,269,270,271,272,273,274,275,276,277,278,279,280,281,282,283,284,285,286,287,288,289,290,291,292,293,294,295,296,297,298,299,300,301,302,303,304,305,306,307,308,309,310,311,312,313,314,315,316,317,318,319,320,321,322,323,324,325,326,327,328,329,330,331,332,333,334,335,336,337,338,339,340,341,342,343,344,345,346,347,348,349,350,351,352,353,354,355,356,357,358,359,360,361,362,363,364,365,366,367,368,369,370,371,372,373,374,375,376,377,378,379,380,381,382,383,384,385,386,387,388,389,390,391,392,393,394,395,396,397,398,399,400,401,402,403,404,405,406,407,408,409,410,411,412,413,414,415,416,417,418,419,420,421,422,423,424,425,426,427,428,429,430,431,432,433,434,435,436,437,438,439,440,441,442,443,444,445,446,447,448,449,450,451,452,453,454,455,456,457,458,459,460,461,462,463,464,465,466,467,468,469,470,471,472,473,474,475,476,477,478,479,480,481,482,483,484,485,486,487,488,489,490,491,492,493,494,495,496,497,498,499,500,501,502,503,504,505,506,507,508,509,510,511,512,513,514,515,516,517,518,519,520,521,522,523,524,525,526,527,528,529,530,531,532,533,534,535,536,537,538,539,540,541,542,543,544,545,546,547,548,549,550,551,552,553,554,555,556,557,558,559,560,561,562,563,564,565,566,567,568,569,570,571,572,573,574,575,576,577,578,579,580,581,582,583,584,585,586,587,588,589,590,591,592,593,594,595,596,597,598,599,600,601,602,603,604,605,606,607,608,609,610,611,612,613,614,615,616,617,618,619,620,621,622,623,624,625,626,627,628,629,630,631,632,633,634,635,636,637,638,639,640,641,642,643,644,645,646,647,648,649,650,651,652,653,654,655,656,657,658,659,660,661,662,663,664,665,666,667,668,669,670,671,672,673,674,675,676,677,678,679,680,681,682,683,684,685,686,687,688,689,690,691,692,693,694,695,696,697,698,699,700,701,702,703,704,705,706,707,708,709,710,711,712,713,714,715,716,717,718,719,720,721,722,723,724,725,726,727,728,729,730,731,732,733,734,735,736,737,738,739,740,741,742,743,744,745,746,747,748,749,750,751,752,753,754,755,756,757,758,759,760,761,762,763,764,765,766,767,768,769,770,771,772,773,774,775,776,777,778,779,780,781,782,783,784,785,786,787,788,789,790,791,792,793,794,795,796,797,798,799,800,801,802,803,804,805,806,807,808,809,810,811,812,813,814,815,816,817,818,819,820,821,822,823,824,825,826,827,828,829,830,831,832,833,834,835,836,837,838,839,840,841,842,843,844,845,846,847,848,849,850,851,852,853,854,855,856,857,858,859,860,861,862,863,864,865,866,867,868,869,870,871,872,873,874,875,876,877,878,879,880,881,882,883,884,885,886,887,888,889,890,891,892,893,894,895,896,897,898,899,900,901,902,903,904,905,906,907,908,909,910,911,912,913,914,915,916,917,918,919,920,921,922,923,924,925,926,927,928,929,930,931,932,933,934,935,936,937,938,939,940,941,942,943,944,945,946,947,948,949,950,951,952,953,954,955,956,957,958,959,960,961,962,963,964,965,966,967,968,969,970,971,972,973,974,975,976,977,978,979,980,981,982,983,984,985,986,987,988,989,990,991,992,993,994,995,996,997,998,999,1000,1001,1002,1003,1004,1005,1006,1007,1008,1009,1010,1011,1012,1013,1014,1015,1016,1017,1018,1019,1020,1021,1022,1023,1024,1025,1026,1027,1028,1029,1030,1031,1032,1033,1034,1035,1036,1037,1038,1039,1040,1041,1042,1043,1044,1045,1046,1047,1048,1049,1050,1051,1052,1053,1054,1055,1056,1057,1058,1059,1060,1061,1062,1063,1064,1065,1066,1067,1068,1069,1070,1071,1072,1073,1074,1075,1076,1077,1078,1079,1080,1081,1082,1083,1084,1085,1086,1087,1088,1089,1090,1091,1092,1093,1094,1095,1096,1097,1098,1099,1100,1101,1102,1103,1104,1105,1106,1107,1108,1109,1110,1111,1112,1113,1114,1115,1116,1117,1118,1119,1120,1121,1122,1123,1124,1125,1126,1127,1128,1129,1130,1131,1132,1133,1134,1135,1136,1137,1138,1139,1140,1141,1142,1143,1144,1145,1146,1147,1148,1149,1150,1151,1152,1153,1154,1155,1156,1157,1158,1159,1160,1161,1162,1163,1164,1165,1166,1167,1168,1169,1170,1171,1172,1173,1174,1175,1176,1177,1178,1179,1180,1181,1182,1183,1184,1185,1186,1187,1188,1189,1190,1191,1192,1193,1194,1195,1196,1197,1198,1199,1200,1201,1202,1203,1204,1205,1206,1207,1208,1209,1210,1211,1212,1213,1214,1215,1216,1217,1218,1219,1220,1221,1222,1223,1224,1225,1226,1227,1228,1229,1230,1231,1232,1233,1234,1235,1236,1237,1238,1239,1240,1241,1242,1243,1244,1245,1246,1247,1248,1249,1250,1251,1252,1253,1254,1255,1256,1257,1258,1259,1260,1261,1262,1263,1264,1265,1266,1267,1268,1269,1270,1271,1272,1273,1274,1275,1276,1277,1278,1279,1280,1281,1282,1283,1284,1285,1286,1287,1288,1289,1290,1291,1292,1293,1294,1295,1296,1297,1298,1299,1300,1301,1302,1303,1304,1305,1306,1307,1308,1309,1310,1311,1312,1313,1314,1315,1316,1317,1318,1319,1320,1321,1322,1323,1324,1325,1326,1327,1328,1329,1330,1331,1332,1333,1334,1335,1336,1337,1338,1339,1340,1341,1342,1343,1344,1345,1346,1347,1348,1349,1350,1351,1352,1353,1354,1355,1356,1357,1358,1359,1360,1361,1362,1363,1364,1365,1366,1367,1368,1369,1370,1371,1372,1373,1374,1375,1376,1377,1378,1379,1380,1381,1382,1383,1384,1385,1386,1387,1388,1389,1390,1391,1392,1393,1394,1395,1396,1397,1398,1399,1400,1401,1402,1403,1404,1405,1406,1407,1408,1409,1410,1411,1412,1413,1414,1415,1416,1417,1418,1419,1420,1421,1422,1423,1424,1425,1426,1427,1428,1429,1430,1431,1432,1433,1434,1435,1436,1437,1438,1439,1440,1441,1442,1443,1444,1445,1446,1447,1448,1449,1450,1451,1452,1453,1454,1455,1456,1457,1458,1459,1460,1461,1462,1463,1464,1465,1466,1467,1468,1469,1470,1471,1472,1473,1474,1475,1476,1477,1478,1479,1480,1481,1482,1483,1484,1485,1486,1487,1488,1489,1490,1491,1492,1493,1494,1495,1496,1497,1498,1499,1500,1501,1502,1503,1504,1505,1506,1507,1508,1509,1510,1511,1512,1513,1514,1515,1516,1517,1518,1519,1520,1521,1522,1523,1524,1525,1526,1527,1528,1529,1530,1531,1532,1533,1534,1535,1536,1537,1538,1539,1540,1541,1542,1543,1544,1545,1546,1547,1548,1549,1550,1551,1552,1553,1554,1555,1556,1557,1558,1559,1560,1561,1562,1563,1564,1565,1566,1567,1568,1569,1570,1571,1572,1573,1574,1575,1576,1577,1578,1579,1580,1581,1582,1583,1584,1585,1586,1587,1588,1589,1590,1591,1592,1593,1594,1595,1596,1597,1598,1599,1600,1601,1602,1603,1604,1605,1606,1607,1608,1609,1610,1611,1612,1613,1614,1615,1616,1617,1618,1619,1620,1621,1622,1623,1624,1625,1626,1627,1628,1629,1630,1631,1632,1633,1634,1635,1636,1637,1638,1639,1640,1641,1642,1643,1644,1645,1646,1647,1648,1649,1650,1651,1652,1653,1654,1655,1656,1657,1658,1659,1660,1661,1662,1663,1664,1665,1666,1667,1668,1669,1670,1671,1672,1673,1674,1675,1676,1677,1678,1679,1680,1681,1682,1683,1684,1685,1686,1687,1688,1689,1690,1691,1692,1693,1694,1695,1696,1697,1698,1699,1700,1701,1702,1703,1704,1705,1706,1707,1708,1709,1710,1711,1712,1713,1714,1715,1716,1717,1718,1719,1720,1721,1722,1723,1724,1725,1726,1727,1728,1729,1730,1731,1732,1733,1734,1735,1736,1737,1738,1739,1740,1741,1742,1743,1744,1745,1746,1747,1748,1749,1750,1751,1752,1753,1754,1755,1756,1757,1758,1759,1760,1761,1762,1763,1764,1765,1766,1767,1768,1769,1770,1771,1772,1773,1774,1775,1776,1777,1778,1779,1780,1781,1782,1783,1784,1785,1786,1787,1788,1789,1790,1791,1792,1793,1794,1795,1796,1797,1798,1799,1800,1801,1802,1803,1804,1805,1806,1807,1808,1809,1810,1811,1812,1813,1814,1815,1816,1817,1818,1819,1820,1821,1822,1823,1824,1825,1826,1827,1828,1829,1830,1831,1832,1833,1834,1835,1836,1837,1838,1839,1840,1841,1842,1843,1844,1845,1846,1847,1848,1849,1850,1851,1852,1853,1854,1855,1856,1857,1858,1859,1860,1861,1862,1863,1864,1865,1866,1867,1868,1869,1870,1871,1872,1873,1874,1875,1876,1877,1878,1879,1880,1881,1882,1883,1884,1885,1886,1887,1888,1889,1890,1891,1892,1893,1894,1895,1896,1897,1898,1899,1900,1901,1902,1903,1904,1905,1906,1907,1908,1909,1910,1911,1912,1913,1914,1915,1916,1917,1918,1919,1920,1921,1922,1923,1924,1925,1926,1927,1928,1929,1930,1931,1932,1933,1934,1935,1936,1937,1938,1939,1940,1941,1942,1943,1944,1945,1946,1947,1948,1949,1950,1951,1952,1953,1954,1955,1956,1957,1958,1959,1960,1961,1962,1963,1964,1965,1966,1967,1968,1969,1970,1971,1972,1973,1974,1975,1976,1977,1978,1979,1980,1981,1982,1983,1984,1985,1986,1987,1988,1989,1990,1991,1992,1993,1994,1995,1996,1997,1998,1999,2000,2001,2002,2003,2004,2005,2006,2007,2008,2009,2010,2011,2012,2013,2014,2015,2016,2017,2018,2019,2020,2021,2022,2023,2024,2025,2026,2027,2028,2029,2030,2031,2032,2033,2034,2035,2036,2037,2038,2039,2040,2041,2042,2043,2044,2045,2046,2047,2048,2049,2050,2051,2052,2053,2054,2055,2056,2057,2058,2059,2060,2061,2062,2063,2064,2065,2066,2067,2068,2069,2070,2071,2072,2073,2074,2075,2076,2077,2078,2079,2080,2081,2082,2083,2084,2085,2086,2087,2088,2089,2090,2091,2092,2093,2094,2095,2096,2097,2098,2099,2100,2101,2102,2103,2104,2105,2106,2107,2108,2109,2110,2111,2112,2113,2114,2115,2116,2117,2118,2119,2120,2121,2122,2123,2124,2125,2126,2127,2128,2129,2130,2131,2132,2133,2134,2135,2136,2137,2138,2139,2140,2141,2142,2143,2144,2145,2146,2147,2148,2149,2150,2151,2152,2153,2154,2155,2156,2157,2158,2159,2160,2161,2162,2163,2164,2165,2166,2167,2168,2169,2170,2171,2172,2173,2174,2175,2176,2177,2178,2179,2180,2181,2182,2183,2184,2185,2186,2187,2188,2189,2190,2191,2192,2193,2194,2195,2196,2197,2198,2199,2200,2201,2202,2203,2204,2205,2206,2207,2208,2209,2210,2211,2212,2213,2214,2215,2216,2217,2218,2219,2220,2221,2222,2223,2224,2225,2226,2227,2228,2229,2230,2231,2232,2233,2234,2235,2236,2237,2238,2239,2240,2241,2242,2243,2244,2245,2246,2247,2248,2249,2250,2251,2252,2253,2254,2255,2256,2257,2258,2259,2260,2261,2262,2263,2264,2265,2266,2267,2268,2269,2270,2271,2272,2273,2274,2275,2276,2277,2278,2279,2280,2281,2282,2283,2284,2285,2286,2287,2288,2289,2290,2291,2292,2293,2294,2295,2296,2297,2298,2299,2300,2301,2302,2303,2304,2305,2306,2307,2308,2309,2310,2311,2312,2313,2314,2315,2316,2317,2318,2319,2320,2321,2322,2323,2324,2325,2326,2327,2328,2329,2330,2331,2332,2333,2334,2335,2336,2337,2338,2339,2340,2341,2342,2343,2344,2345,2346,2347,2348,2349,2350,2351,2352,2353,2354,2355,2356,2357,2358,2359,2360,2361,2362,2363,2364,2365,2366,2367,2368,2369,2370,2371,2372,2373,2374,2375,2376,2377,2378,2379,2380,2381,2382,2383,2384,2385,2386,2387,2388,2389,2390,2391,2392,2393,2394,2395,2396,2397,2398,2399,2400,2401,2402,2403,2404,2405,2406,2407,2408,2409,2410,2411,2412,2413,2414,2415,2416,2417,2418,2419,2420,2421,2422,2423,2424,2425,2426,2427,2428,2429,2430,2431,2432,2433,2434,2435,2436,2437,2438,2439,2440,2441,2442,2443,2444,2445,2446,2447,2448,2449,2450,2451,2452,2453,2454,2455,2456,2457,2458,2459,2460,2461,2462,2463,2464,2465,2466,2467,2468,2469,2470,2471,2472,2473,2474,2475,2476,2477,2478,2479,2480,2481,2482,2483,2484,2485,2486,2487,2488,2489,2490,2491,2492,2493,2494,2495,2496,2497,2498,2499,2500,2501,2502,2503,2504,2505,2506,2507,2508,2509,2510,2511,2512,2513,2514,2515,2516,2517,2518,2519,2520,2521,2522,2523,2524,2525,2526,2527,2528,2529,2530,2531,2532,2533,2534,2535,2536,2537,2538,2539,2540,2541,2542,2543,2544,2545,2546,2547,2548,2549,2550,2551,2552,2553,2554,2555,2556,2557,2558,2559,2560,2561,2562,2563,2564,2565,2566,2567,2568,2569,2570,2571,2572,2573,2574,2575,2576,2577,2578,2579,2580,2581,2582,2583,2584,2585,2586,2587,2588,2589,2590,2591,2592,2593,2594,2595,2596,2597,2598,2599,2600,2601,2602,2603,2604,2605,2606,2607,2608,2609,2610,2611,2612,2613,2614,2615,2616,2617,2618,2619,2620,2621,2622,2623,2624,2625,2626,2627,2628,2629,2630,2631,2632,2633,2634,2635,2636,2637,2638,2639,2640,2641,2642,2643,2644,2645,2646,2647,2648,2649,2650,2651,2652,2653,2654,2655,2656,2657,2658,2659,2660,2661,2662,2663,2664,2665,2666,2667,2668,2669,2670,2671,2672,2673,2674,2675,2676,2677,2678,2679,2680,2681,2682,2683,2684,2685,2686,2687,2688,2689,2690,2691,2692,2693,2694,2695,2696,2697,2698,2699,2700,2701,2702,2703,2704,2705,2706,2707,2708,2709,2710,2711,2712,2713,2714,2715,2716,2717,2718,2719,2720,2721,2722,2723,2724,2725,2726,2727,2728,2729,2730,2731,2732,2733,2734,2735,2736,2737,2738,2739,2740,2741,2742,2743,2744,2745,2746,2747,2748,2749,2750,2751,2752,2753,2754,2755,2756,2757,2758,2759,2760,2761,2762,2763,2764,2765,2766,2767,2768,2769,2770,2771,2772,2773,2774,2775,2776,2777,2778,2779,2780,2781,2782,2783,2784,2785,2786,2787,2788,2789,2790,2791,2792,2793,2794,2795,2796,2797,2798,2799,2800,2801,2802,2803,2804,2805,2806,2807,2808,2809,2810,2811,2812,2813,2814,2815,2816,2817,2818,2819,2820,2821,2822,2823,2824,2825,2826,2827,2828,2829,2830,2831,2832,2833,2834,2835,2836,2837,2838,2839,2840,2841,2842,2843,2844,2845,2846,2847,2848,2849,2850,2851,2852,2853,2854,2855,2856,2857,2858,2859,2860,2861,2862,2863,2864,2865,2866,2867,2868,2869,2870,2871,2872,2873,2874,2875,2876,2877,2878,2879,2880,2881,2882,2883,2884,2885,2886,2887,2888,2889,2890,2891,2892,2893,2894,2895,2896,2897,2898,2899,2900,2901,2902,2903,2904,2905,2906,2907,2908,2909,2910,2911,2912,2913,2914,2915,2916,2917,2918,2919,2920,2921,2922,2923,2924,2925,2926,2927,2928,2929,2930,2931,2932,2933,2934,2935,2936,2937,2938,2939,2940,2941,2942,2943,2944,2945,2946,2947,2948,2949,2950,2951,2952,2953,2954,2955,2956,2957,2958,2959,2960,2961,2962,2963,2964,2965,2966,2967,2968,2969,2970,2971,2972,2973,2974,2975,2976,2977,2978,2979,2980,2981,2982,2983,2984,2985,2986,2987,2988,2989,2990,2991,2992,2993,2994,2995,2996,2997,2998,2999,3000,3001,3002,3003,3004,3005,3006,3007,3008,3009,3010,3011,3012,3013,3014,3015,3016,3017,3018,3019,3020,3021,3022,3023,3024,3025,3026,3027,3028,3029,3030,3031,3032,3033,3034,3035,3036,3037,3038,3039,3040,3041,3042,3043,3044,3045,3046,3047,3048,3049,3050,3051,3052,3053,3054,3055,3056,3057,3058,3059,3060,3061,3062,3063,3064,3065,3066,3067,3068,3069,3070,3071,3072,3073,3074,3075,3076,3077,3078,3079,3080,3081,3082,3083,3084,3085,3086,3087,3088,3089,3090,3091,3092,3093,3094,3095,3096,3097,3098,3099,3100,3101,3102,3103,3104,3105,3106,3107,3108,3109,3110,3111,3112,3113,3114,3115,3116,3117,3118,3119,3120,3121,3122,3123,3124,3125,3126,3127,3128,3129,3130,3131,3132,3133,3134,3135,3136,3137,3138,3139,3140,3141,3142,3143,3144,3145,3146,3147,3148,3149,3150,3151,3152,3153,3154,3155,3156,3157,3158,3159,3160,3161,3162,3163,3164,3165,3166,3167,3168,3169,3170,3171,3172,3173,3174,3175,3176,3177,3178,3179,3180,3181,3182,3183,3184,3185,3186,3187,3188,3189,3190,3191,3192,3193,3194,3195,3196,3197,3198,3199,3200,3201,3202,3203,3204,3205,3206,3207,3208,3209,3210,3211,3212,3213,3214,3215,3216,3217,3218,3219,3220,3221,3222,3223,3224,3225,3226,3227,3228,3229,3230,3231,3232,3233,3234,3235,3236,3237,3238,3239,3240,3241,3242,3243,3244,3245,3246,3247,3248,3249,3250,3251,3252,3253,3254,3255,3256,3257,3258,3259,3260,3261,3262,3263,3264,3265,3266,3267,3268,3269,3270,3271,3272,3273,3274,3275,3276,3277,3278,3279,3280,3281,3282,3283,3284,3285,3286,3287,3288,3289,3290,3291,3292,3293,3294,3295,3296,3297,3298,3299,3300,3301,3302,3303,3304,3305,3306,3307,3308,3309,3310,3311,3312,3313,3314,3315,3316,3317,3318,3319,3320,3321,3322,3323,3324,3325,3326,3327,3328,3329,3330,3331,3332,3333,3334,3335,3336,3337,3338,3339,3340,3341,3342,3343,3344,3345,3346,3347,3348,3349,3350,3351,3352,3353,3354,3355,3356,3357,3358,3359,3360,3361,3362,3363,3364,3365,3366,3367,3368,3369,3370,3371,3372,3373,3374,3375,3376,3377,3378,3379,3380,3381,3382,3383,3384,3385,3386,3387,3388,3389,3390,3391,3392,3393,3394,3395,3396,3397,3398,3399,3400,3401,3402,3403,3404,3405,3406,3407,3408,3409,3410,3411,3412,3413,3414,3415,3416,3417,3418,3419,3420,3421,3422,3423,3424,3425,3426,3427,3428,3429,3430,3431,3432,3433,3434,3435,3436,3437,3438,3439,3440,3441,3442,3443,3444,3445,3446,3447,3448,3449,3450,3451,3452,3453,3454,3455,3456,3457,3458,3459,3460,3461,3462,3463,3464,3465,3466,3467,3468,3469,3470,3471,3472,3473,3474,3475,3476,3477,3478,3479,3480,3481,3482,3483,3484,3485,3486,3487,3488,3489,3490,3491,3492,3493,3494,3495,3496,3497,3498,3499,3500,3501,3502,3503,3504,3505,3506,3507,3508,3509,3510,3511,3512,3513,3514,3515,3516,3517,3518,3519,3520,3521,3522,3523,3524,3525,3526,3527,3528,3529,3530,3531,3532,3533,3534,3535,3536,3537,3538,3539,3540,3541,3542,3543,3544,3545,3546,3547,3548,3549,3550,3551,3552,3553,3554,3555,3556,3557,3558,3559,3560,3561,3562,3563,3564,3565,3566,3567,3568,3569,3570,3571,3572,3573,3574,3575,3576,3577,3578,3579,3580,3581,3582,3583,3584,3585,3586,3587,3588,3589,3590,3591,3592,3593,3594,3595,3596,3597,3598,3599,3600,3601,3602,3603,3604,3605,3606,3607,3608,3609,3610,3611,3612,3613,3614,3615,3616,3617,3618,3619,3620,3621,3622,3623,3624,3625,3626,3627,3628,3629,3630,3631,3632,3633,3634,3635,3636,3637,3638,3639,3640,3641,3642,3643,3644,3645,3646,3647,3648,3649,3650,3651,3652,3653,3654,3655,3656,3657,3658,3659,3660,3661,3662,3663,3664,3665,3666,3667,3668,3669,3670,3671,3672,3673,3674,3675,3676,3677,3678,3679,3680,3681,3682,3683,3684,3685,3686,3687,3688,3689,3690,3691,3692,3693,3694,3695,3696,3697,3698,3699,3700,3701,3702,3703,3704,3705,3706,3707,3708,3709,3710,3711,3712,3713,3714,3715,3716,3717,3718,3719,3720,3721,3722,3723,3724,3725,3726,3727,3728,3729,3730,3731,3732,3733,3734,3735,3736,3737,3738,3739,3740,3741,3742,3743,3744,3745,3746,3747,3748,3749,3750,3751,3752,3753,3754,3755,3756,3757,3758,3759,3760,3761,3762,3763,3764,3765,3766,3767,3768,3769,3770,3771,3772,3773,3774,3775,3776,3777,3778,3779,3780,3781,3782,3783,3784,3785,3786,3787,3788,3789,3790,3791,3792,3793,3794,3795,3796,3797,3798,3799,3800,3801,3802,3803,3804,3805,3806,3807,3808,3809,3810,3811,3812,3813,3814,3815,3816,3817,3818,3819,3820,3821,3822,3823,3824,3825,3826,3827,3828,3829,3830,3831,3832,3833,3834,3835,3836,3837,3838,3839,3840,3841,3842,3843,3844,3845,3846,3847,3848,3849,3850,3851,3852,3853,3854,3855,3856,3857,3858,3859,3860,3861,3862,3863,3864,3865,3866,3867,3868,3869,3870,3871,3872,3873,3874,3875,3876,3877,3878,3879,3880,3881,3882,3883,3884,3885,3886,3887,3888,3889,3890,3891,3892,3893,3894,3895,3896,3897,3898,3899,3900,3901,3902,3903,3904,3905,3906,3907,3908,3909,3910,3911,3912,3913,3914,3915,3916,3917,3918,3919,3920,3921,3922,3923,3924,3925,3926,3927,3928,3929,3930,3931,3932,3933,3934,3935,3936,3937,3938,3939,3940,3941,3942,3943,3944,3945,3946,3947,3948,3949,3950,3951,3952,3953,3954,3955,3956,3957,3958,3959,3960,3961,3962,3963,3964,3965,3966,3967,3968,3969,3970,3971,3972,3973,3974,3975,3976,3977,3978,3979,3980,3981,3982,3983,3984,3985,3986,3987,3988,3989,3990,3991,3992,3993,3994,3995,3996,3997,3998,3999,4000,4001,4002,4003,4004,4005,4006,4007,4008,4009,4010,4011,4012,4013,4014,4015,4016,4017,4018,4019,4020,4021,4022,4023,4024,4025,4026,4027,4028,4029,4030,4031,4032,4033,4034,4035,4036,4037,4038,4039,4040,4041,4042,4043,4044,4045,4046,4047,4048,4049,4050,4051,4052,4053,4054,4055,4056,4057,4058,4059,4060,4061,4062,4063,4064,4065,4066,4067,4068,4069,4070,4071,4072,4073,4074,4075,4076,4077,4078,4079,4080,4081,4082,4083,4084,4085,4086,4087,4088,4089,4090,4091,4092,4093,4094,4095,4096,4097,4098,4099,4100,4101,4102,4103,4104,4105,4106,4107,4108,4109,4110,4111,4112,4113,4114,4115,4116,4117,4118,4119,4120,4121,4122,4123,4124,4125,4126,4127,4128,4129,4130,4131,4132,4133,4134,4135,4136,4137,4138,4139,4140,4141,4142,4143,4144,4145,4146,4147,4148,4149,4150,4151,4152,4153,4154,4155,4156,4157,4158,4159,4160,4161,4162,4163,4164,4165,4166,4167,4168,4169,4170,4171,4172,4173,4174,4175,4176,4177,4178,4179,4180,4181,4182,4183,4184,4185,4186,4187,4188,4189,4190,4191,4192,4193,4194,4195,4196,4197,4198,4199,4200,4201,4202,4203,4204,4205,4206,4207,4208,4209,4210,4211,4212,4213,4214,4215,4216,4217,4218,4219,4220,4221,4222,4223,4224,4225,4226,4227,4228,4229,4230,4231,4232,4233,4234,4235,4236,4237,4238,4239,4240,4241,4242,4243,4244,4245,4246,4247,4248,4249,4250,4251,4252,4253,4254,4255,4256,4257,4258,4259,4260,4261,4262,4263,4264,4265,4266,4267,4268,4269,4270,4271,4272,4273,4274,4275,4276,4277,4278,4279,4280,4281,4282,4283,4284,4285,4286,4287,4288,4289,4290,4291,4292,4293,4294,4295,4296,4297,4298,4299,4300,4301,4302,4303,4304,4305,4306,4307,4308,4309,4310,4311,4312,4313,4314,4315,4316,4317,4318,4319,4320,4321,4322,4323,4324,4325,4326,4327,4328,4329,4330,4331,4332,4333,4334,4335,4336,4337,4338,4339,4340,4341,4342,4343,4344,4345,4346,4347,4348,4349,4350,4351,4352,4353,4354,4355,4356,4357,4358,4359,4360,4361,4362,4363,4364,4365,4366,4367,4368,4369,4370,4371,4372,4373,4374,4375,4376,4377,4378,4379,4380,4381,4382,4383,4384,4385,4386,4387,4388,4389,4390,4391,4392,4393,4394,4395,4396,4397,4398,4399,4400,4401,4402,4403,4404,4405,4406,4407,4408,4409,4410,4411,4412,4413,4414,4415,4416,4417,4418,4419,4420,4421,4422,4423,4424,4425,4426,4427,4428,4429,4430,4431,4432,4433,4434,4435,4436,4437,4438,4439,4440,4441,4442,4443,4444,4445,4446,4447,4448,4449,4450,4451,4452,4453,4454,4455,4456,4457,4458,4459,4460,4461,4462,4463,4464,4465,4466,4467,4468,4469,4470,4471,4472,4473,4474,4475,4476,4477,4478,4479,4480,4481,4482,4483,4484,4485,4486,4487,4488,4489,4490,4491,4492,4493,4494,4495,4496,4497,4498,4499,4500,4501,4502,4503,4504,4505,4506,4507,4508,4509,4510,4511,4512,4513,4514,4515,4516,4517,4518,4519,4520,4521,4522,4523,4524,4525,4526,4527,4528,4529,4530,4531,4532,4533,4534,4535,4536,4537,4538,4539,4540,4541,4542,4543,4544,4545,4546,4547,4548,4549,4550,4551,4552,4553,4554,4555,4556,4557,4558,4559,4560,4561,4562,4563,4564,4565,4566,4567,4568,4569,4570,4571,4572,4573,4574,4575,4576,4577,4578,4579,4580,4581,4582,4583,4584,4585,4586,4587,4588,4589,4590,4591,4592,4593,4594,4595,4596,4597,4598,4599,4600,4601,4602,4603,4604,4605,4606,4607,4608,4609,4610,4611,4612,4613,4614,4615,4616,4617,4618,4619,4620,4621,4622,4623,4624,4625,4626,4627,4628,4629,4630,4631,4632,4633,4634,4635,4636,4637,4638,4639,4640,4641,4642,4643,4644,4645,4646,4647,4648,4649,4650,4651,4652,4653,4654,4655,4656,4657,4658,4659,4660,4661,4662,4663,4664,4665,4666,4667,4668,4669,4670,4671,4672,4673,4674,4675,4676,4677,4678,4679,4680,4681,4682,4683,4684,4685,4686,4687,4688,4689,4690,4691,4692,4693,4694,4695,4696,4697,4698,4699,4700,4701,4702,4703,4704,4705,4706,4707,4708,4709,4710,4711,4712,4713,4714,4715,4716,4717,4718,4719,4720,4721,4722,4723,4724,4725,4726,4727,4728,4729,4730,4731,4732,4733,4734,4735,4736,4737,4738,4739,4740,4741,4742,4743,4744,4745,4746,4747,4748,4749,4750,4751,4752,4753,4754,4755,4756,4757,4758,4759,4760,4761,4762,4763,4764,4765,4766,4767,4768,4769,4770,4771,4772,4773,4774,4775,4776,4777,4778,4779,4780,4781,4782,4783,4784,4785,4786,4787,4788,4789,4790,4791,4792,4793,4794,4795,4796,4797,4798,4799,4800,4801,4802,4803,4804,4805,4806,4807,4808,4809,4810,4811,4812,4813,4814,4815,4816,4817,4818,4819,4820,4821,4822,4823,4824,4825,4826,4827,4828,4829,4830,4831,4832,4833,4834,4835,4836,4837,4838,4839,4840,4841,4842,4843,4844,4845,4846,4847,4848,4849,4850,4851,4852,4853,4854,4855,4856,4857,4858,4859,4860,4861,4862,4863,4864,4865,4866,4867,4868,4869,4870,4871,4872,4873,4874,4875,4876,4877,4878,4879,4880,4881,4882,4883,4884,4885,4886,4887,4888,4889,4890,4891,4892,4893,4894,4895,4896,4897,4898,4899,4900,4901,4902,4903,4904,4905,4906,4907,4908,4909,4910,4911,4912,4913,4914,4915,4916,4917,4918,4919,4920,4921,4922,4923,4924,4925,4926,4927,4928,4929,4930,4931,4932,4933,4934,4935,4936,4937,4938,4939,4940,4941,4942,4943,4944,4945,4946,4947,4948,4949,4950,4951,4952,4953,4954,4955,4956,4957,4958,4959,4960,4961,4962,4963,4964,4965,4966,4967,4968,4969,4970,4971,4972,4973,4974,4975,4976,4977,4978,4979,4980,4981,4982,4983,4984,4985,4986,4987,4988,4989,4990,4991,4992,4993,4994,4995,4996,4997,4998,4999,5000,5001,5002,5003,5004,5005,5006,5007,5008,5009,5010,5011,5012,5013,5014,5015,5016,5017,5018,5019,5020,5021,5022,5023,5024,5025,5026,5027,5028,5029,5030,5031,5032,5033,5034,5035,5036,5037,5038,5039,5040,5041,5042,5043,5044,5045,5046,5047,5048,5049,5050,5051,5052,5053,5054,5055,5056,5057,5058,5059,5060,5061,5062,5063,5064,5065,5066,5067,5068,5069,5070,5071,5072,5073,5074,5075,5076,5077,5078,5079,5080,5081,5082,5083,5084,5085,5086,5087,5088,5089,5090,5091,5092,5093,5094,5095,5096,5097,5098,5099,5100,5101,5102,5103,5104,5105,5106,5107,5108,5109,5110,5111,5112,5113,5114,5115,5116,5117,5118,5119,5120,5121,5122,5123,5124,5125,5126,5127,5128,5129,5130,5131,5132,5133,5134,5135,5136,5137,5138,5139,5140,5141,5142,5143,5144,5145,5146,5147,5148,5149,5150,5151,5152,5153,5154,5155,5156,5157,5158,5159,5160,5161,5162,5163,5164,5165,5166,5167,5168,5169,5170,5171,5172,5173,5174,5175,5176,5177,5178,5179,5180,5181,5182,5183,5184,5185,5186,5187,5188,5189,5190,5191,5192,5193,5194,5195,5196,5197,5198,5199,5200,5201,5202,5203,5204,5205,5206,5207,5208,5209,5210,5211,5212,5213,5214,5215,5216,5217,5218,5219,5220,5221,5222,5223,5224,5225,5226,5227,5228,5229,5230,5231,5232,5233,5234,5235,5236,5237,5238,5239,5240,5241,5242,5243,5244,5245,5246,5247,5248,5249,5250,5251,5252,5253,5254,5255,5256,5257,5258,5259,5260,5261,5262,5263,5264,5265,5266,5267,5268,5269,5270,5271,5272,5273,5274,5275,5276,5277,5278,5279,5280,5281,5282,5283,5284,5285,5286,5287,5288,5289,5290,5291,5292,5293,5294,5295,5296,5297,5298,5299,5300,5301,5302,5303,5304,5305,5306,5307,5308,5309,5310,5311,5312,5313,5314,5315,5316,5317,5318,5319,5320,5321,5322,5323,5324,5325,5326,5327,5328,5329,5330,5331,5332,5333,5334,5335,5336,5337,5338,5339,5340,5341,5342,5343,5344,5345,5346,5347,5348,5349,5350,5351,5352,5353,5354,5355,5356,5357,5358,5359,5360,5361,5362,5363,5364,5365,5366,5367,5368,5369,5370,5371,5372,5373,5374,5375,5376,5377,5378,5379,5380,5381,5382,5383,5384,5385,5386,5387,5388,5389,5390,5391,5392,5393,5394,5395,5396,5397,5398,5399,5400,5401,5402,5403,5404,5405,5406,5407,5408,5409,5410,5411,5412,5413,5414,5415,5416,5417,5418,5419,5420,5421,5422,5423,5424,5425,5426,5427,5428,5429,5430,5431,5432,5433,5434,5435,5436,5437,5438,5439,5440,5441,5442,5443,5444,5445,5446,5447,5448,5449,5450,5451,5452,5453,5454,5455,5456,5457,5458,5459,5460,5461,5462,5463,5464,5465,5466,5467,5468,5469,5470,5471,5472,5473,5474,5475,5476,5477,5478,5479,5480,5481,5482,5483,5484,5485,5486,5487,5488,5489,5490,5491,5492,5493,5494,5495,5496,5497,5498,5499,5500,5501,5502,5503,5504,5505,5506,5507,5508,5509,5510,5511,5512,5513,5514,5515,5516,5517,5518,5519,5520,5521,5522,5523,5524,5525,5526,5527,5528,5529,5530,5531,5532,5533,5534,5535,5536,5537,5538,5539,5540,5541,5542,5543,5544,5545,5546,5547,5548,5549,5550,5551,5552,5553,5554,5555,5556,5557,5558,5559,5560,5561,5562,5563,5564,5565,5566,5567,5568,5569,5570,5571,5572,5573,5574,5575,5576,5577,5578,5579,5580,5581,5582,5583,5584,5585,5586,5587,5588,5589,5590,5591,5592,5593,5594,5595,5596,5597,5598,5599,5600,5601,5602,5603,5604,5605,5606,5607,5608,5609,5610,5611,5612,5613,5614,5615,5616,5617,5618,5619,5620,5621,5622,5623,5624,5625,5626,5627,5628,5629,5630,5631,5632,5633,5634,5635,5636,5637,5638,5639,5640,5641,5642,5643,5644,5645,5646,5647,5648,5649,5650,5651,5652,5653,5654,5655,5656,5657,5658,5659,5660,5661,5662,5663,5664,5665,5666,5667,5668,5669,5670,5671,5672,5673,5674,5675,5676,5677,5678,5679,5680,5681,5682,5683,5684,5685,5686,5687,5688,5689,5690,5691,5692,5693,5694,5695,5696,5697,5698,5699,5700,5701,5702,5703,5704,5705,5706,5707,5708,5709,5710,5711,5712,5713,5714,5715,5716,5717,5718,5719,5720,5721,5722,5723,5724,5725,5726,5727,5728,5729,5730,5731,5732,5733,5734,5735,5736,5737,5738,5739,5740,5741,5742,5743,5744,5745,5746,5747,5748,5749,5750,5751,5752,5753,5754,5755,5756,5757,5758,5759,5760,5761,5762,5763,5764,5765,5766,5767,5768,5769,5770,5771,5772,5773,5774,5775,5776,5777,5778,5779,5780,5781,5782,5783,5784,5785,5786,5787,5788,5789,5790,5791,5792,5793,5794,5795,5796,5797,5798,5799,5800,5801,5802,5803,5804,5805,5806,5807,5808,5809,5810,5811,5812,5813,5814,5815,5816,5817,5818,5819,5820,5821,5822,5823,5824,5825,5826,5827,5828,5829,5830,5831,5832,5833,5834,5835,5836,5837,5838,5839,5840,5841,5842,5843,5844,5845,5846,5847,5848,5849,5850,5851,5852,5853,5854,5855,5856,5857,5858,5859,5860,5861,5862,5863,5864,5865,5866,5867,5868,5869,5870,5871,5872,5873,5874,5875,5876,5877,5878,5879,5880,5881,5882,5883,5884,5885,5886,5887,5888,5889,5890,5891,5892,5893,5894,5895,5896,5897,5898,5899,5900,5901,5902,5903,5904,5905,5906,5907,5908,5909,5910,5911,5912,5913,5914,5915,5916,5917,5918,5919,5920,5921,5922,5923,5924,5925,5926,5927,5928,5929,5930,5931,5932,5933,5934,5935,5936,5937,5938,5939,5940,5941,5942,5943,5944,5945,5946,5947,5948,5949,5950,5951,5952,5953,5954,5955,5956,5957,5958,5959,5960,5961,5962,5963,5964,5965,5966,5967,5968,5969,5970,5971,5972,5973,5974,5975,5976,5977,5978,5979,5980,5981,5982,5983,5984,5985,5986,5987,5988,5989,5990,5991,5992,5993,5994,5995,5996,5997,5998,5999,6000,6001,6002,6003,6004,6005,6006,6007,6008,6009,6010,6011,6012,6013,6014,6015,6016,6017,6018,6019,6020,6021,6022,6023,6024,6025,6026,6027,6028,6029,6030,6031,6032,6033,6034,6035,6036,6037,6038,6039,6040,6041,6042,6043,6044,6045,6046,6047,6048,6049,6050,6051,6052,6053,6054,6055,6056,6057,6058,6059,6060,6061,6062,6063,6064,6065,6066,6067,6068,6069,6070,6071,6072,6073,6074,6075,6076,6077,6078,6079,6080,6081,6082,6083,6084,6085,6086,6087,6088,6089,6090,6091,6092,6093,6094,6095,6096,6097,6098,6099,6100,6101,6102,6103,6104,6105,6106,6107,6108,6109,6110,6111,6112,6113,6114,6115,6116,6117,6118,6119,6120,6121,6122,6123,6124,6125,6126,6127,6128,6129,6130,6131,6132,6133,6134,6135,6136,6137,6138,6139,6140,6141,6142,6143,img
0,0.0,0.0043686535,0.0,0.0048586,0.0,0.0015222089,0.0,0.0,0.0,0.0,0.13512369,0.0,0.0,0.0,0.28997928,0.0,0.0,0.1452186,0.36128333,0.03716887,0.0,0.0,0.0,0.0,0.0,0.0,0.0,0.0,0.0,0.023588523,0.01253336,0.0,0.0,0.0011128772,0.0,0.0,0.0030771713,0.000103980914,0.0013637646,0.0,0.0,0.1413348,0.0,0.0,0.0,0.0,0.0,0.0,0.0,0.006231483,0.0,0.0056009255,0.0,0.0,0.0,0.0,0.0,0.0,0.0,0.0,0.0,0.0,0.0,0.0,0.022187354,0.0,0.0,0.0,0.0,0.0,0.0,0.0,0.021520972,0.0,0.0,0.0110331215,0.010986241,0.0,0.0,0.0,0.0023199348,0.0,0.0,0.0,0.0,0.0,0.0,0.0,0.0,0.01318508,0.0,0.0,0.0,0.0,0.0,0.16239995,0.0,0.03789686,0.00054150575,0.0,0.0,0.0,0.0,0.0,0.19926387,0.06819909,0.0,0.004883978,0.047345426,0.008906379,0.0,0.0,0.0030241353,0.014919497,0.0,0.0,0.3750251,0.0,0.0,0.0,0.0012902106,0.00058972836,0.0,0.0,0.0,0.0016704816,0.19952106,0.0,0.0,0.15983199,0.0,0.0,0.0035646595,0.0007367134,0.0061566136,0.0,0.0,0.0,0.008030029,0.0,0.0,0.01390685,0.0,0.042053256,0.0,0.0018666423,0.0,0.0,0.0,0.0,0.0,0.0,0.17551695,0.0,0.005806508,0.0,0.0012241115,0.012433863,0.019716645,0.0,0.0,0.0,0.0,0.2737739,0.0,0.0,0.0,0.008240472,0.0,0.05610761,0.0,0.01748762,0.0033164232,0.028044114,0.0,0.0,0.0,0.0,0.0,0.09193009,0.0,0.0,0.0,6.4836015e-05,0.0,0.0,0.0018129528,0.015158991,0.0,0.0,0.000780046,0.047663875,0.0,0.0342377,0.0186701,0.00924718,0.003175305,0.0,0.0,0.027196612,0.0011841168,0.0,0.0,0.0021218525,0.014966378,0.00037807226,0.0,0.0,0.0,0.0007306623,0.0,0.0,0.0,0.0,0.0,0.0,0.0,0.0,0.0017194037,0.0,0.0,0.33407697,0.0,0.055653043,0.0069121555,0.0,0.0,0.0,0.0008115975,0.02941636,0.0,0.021760162,0.0,0.0,0.0,0.0,0.0,0.0,0.0,0.06715196,0.0,0.0,0.0031152295,0.0,0.0,0.0,0.0,0.0,0.00813321,0.0,0.0,0.024358407,0.0,0.0,0.01047449,0.0,0.0,0.0,0.0,0.0,0.0,0.0,0.21862489,0.0,0.0,0.0,0.19264346,0.0,0.0,0.0,0.0,0.0023020166,0.0,0.0022644838,0.0,0.030518524,0.015877597,0.0,0.0,0.0,0.096141405,0.0,0.12713522,0.0,0.0,0.036970805,0.048105795,0.011348808,0.0028886648,0.0,0.36037526,0.0,0.0,0.0,0.06798744,0.0,0.0008856642,0.0,0.0,0.028304256,0.0,0.0017213176,0.0,0.0,0.0,0.0,0.027066808,0.0,0.0,0.0,0.09630194,0.00048580705,0.0,0.0,0.0,0.0,0.0,0.0019790153,0.0,0.010195003,0.015982464,0.0,0.0,0.0,0.0,0.000803402,0.091188215,0.22908191,0.0,0.0,0.0,0.0,0.012437538,0.011782503,0.0,0.0,0.10140867,0.37439114,0.0,0.0,0.042069674,0.0,0.0,0.038255695,0.0,0.0,0.0,0.0,0.0,0.0,0.0,0.037541676,0.0,0.009895113,0.38258678,0.0,0.0,0.043191057,0.0,0.015690321,0.0,0.22626217,0.34683117,0.0,0.0,0.0,0.0,0.0,0.0,0.008704142,0.11331348,3.8262533e-05,0.0,0.050782613,0.012349628,0.005527399,0.0,0.0,0.0,0.0,0.0,0.0,0.010073856,0.0,0.0,0.007102003,0.0,0.0,0.0,0.0,0.0,0.06044644,0.0,0.0,0.016939754,0.0,0.0,0.0,0.056292392,0.0,0.0,0.0,0.0,0.0,0.0,0.0,0.0050029024,0.01565615,0.0033102182,0.01834616,0.0,0.0,0.04898971,0.0,0.0,0.0,3.9268514e-05,0.015781973,0.0,0.0,0.0,0.0012862743,0.0,0.0,0.0,0.0,0.0,0.0,0.02911629,0.0,0.0,0.0,0.0,0.0,0.0,0.0,0.0,0.0,0.00960275,0.85904866,0.0,0.0,0.0,0.11224101,0.05041728,0.0022207364,0.0,0.0,0.032957602,0.0,0.0,0.0,0.0,0.0,0.019819953,0.0035035196,0.0,0.0,0.0,0.0032162745,0.0,0.0,0.0,0.0,0.0,0.00038408503,0.088295616,0.05955642,0.0,0.011797714,0.6800332,0.0,0.005264798,0.0,0.0,0.001110963,0.0,0.0,0.0,0.0,0.0,0.0,0.0,0.0,0.0,0.0,0.0,0.0,0.013303569,0.0,0.0,0.000575883,0.0,0.0,0.038809128,0.0,0.0,0.0,0.0,0.07436983,0.0,0.000106038795,0.0,0.34240228,0.0,0.0,0.13607927,0.00025629267,0.0,0.0,0.0,0.0,0.001030824,0.0,0.08894875,0.0,0.0,0.06112057,0.0051246528,0.0,0.0,0.0,0.0,0.17127573,0.038920518,0.0033589383,0.0031969426,0.04456549,0.0,0.0,0.0,0.0,0.10361634,0.0,0.0,0.0,0.0,0.009151512,0.0,0.012732868,0.0,0.0,0.0,0.13290204,0.0120898755,0.0,0.0,0.0,0.0,0.0,0.0,0.0,0.0,0.0,0.10220967,0.0,0.0,0.014454382,0.0,0.0,0.112362646,0.0001953232,0.0,0.21917146,0.0,0.0,0.0,0.075102925,0.08357122,0.0,0.0,0.0,0.0,0.0,0.0,0.0021720808,0.00041095016,0.0,0.13085994,0.0036474126,0.052793346,0.0,0.067254566,0.0,0.0,0.0,0.0,0.003774143,0.0,0.0,0.0,0.0,0.0,0.0,0.0024485125,0.0026141247,0.0045622685,0.0,0.0,0.006751855,0.10292334,0.0,0.0848939,0.040071484,0.0102179535,0.0,0.0034252217,0.012383458,0.0,0.0,0.007131713,0.0,0.0,0.0,0.0047446257,0.049587246,0.0,0.0,0.000307088,0.0020919405,0.0,0.0,0.0,0.0,0.0,0.0,0.025684055,0.006327546,0.0,0.0,0.0,0.0,0.052619424,0.68260634,0.00072748563,0.0,0.07942922,0.013132233,0.0,0.0,0.019287916,0.0,0.0034790933,0.0,0.0,0.0,0.0,0.0,0.010104435,0.0,0.010178228,0.0,0.0025670796,0.0,0.010366711,0.0,0.0,0.0,0.14712231,0.0,0.17838705,0.0,0.00010092587,0.068166465,0.0,0.0,0.0,0.0,0.0,0.027908621,0.0018607305,0.0,0.0,0.09161733,0.004624528,0.0,0.0,0.0041553974,0.14483419,0.0,0.0,0.0,0.0,0.0,0.0029515538,0.05268143,0.0,0.0,0.016895033,0.0,0.0,0.26509646,0.0,0.0,0.0,0.0,0.0,0.0,0.0,0.0,0.0,0.0,0.0,0.0,0.0,0.0,0.0,0.0,0.0,0.0,0.0,0.0,0.0,0.0024763038,0.08668972,0.0,0.0,0.0,0.0,0.0,0.025698587,0.01349364,0.0067106877,0.07267301,0.0,0.0,0.031162094,0.0,0.0,0.012562851,0.0,0.0,0.011756011,0.0,0.0,0.0,0.0,0.00035336067,0.0,0.0,0.14489704,0.0,0.0,0.023701176,0.0,0.0,0.0,0.0,0.0,0.0,0.0,0.0,0.0,0.17177054,0.0,0.0,0.0,0.0,0.046507962,0.0,0.0,0.0,0.0,0.011778394,0.0,0.0,0.0,0.0,0.0,0.0010080498,0.0,0.33608198,0.0,0.0,0.0011914859,0.0,0.12415996,0.10064215,0.0,0.0,0.0,0.0,0.0024243318,0.0,0.0,0.0461537,0.0017786245,0.0,0.0,0.0,0.0,0.0,0.0,0.0,0.0,0.0,0.0051590824,0.0,0.00039826852,0.0,0.0,0.0,0.0,0.0,0.0889461,0.0,0.0,0.012648129,0.0,0.0,0.014748455,0.0,0.0,0.0026116613,0.0,0.006040996,0.0,0.0,0.0025933732,0.00057903846,0.0,0.0003210294,0.0,0.0,0.0,0.0,0.057884514,0.0,0.0050038113,0.0,0.0,0.001703109,0.0,0.002801355,0.0017632307,0.0,0.006503963,0.05513379,0.3406891,0.0,0.0,0.06923267,0.02601735,0.0,0.0,5.7092126e-05,0.05757105,0.0,0.00076054735,0.0,0.0,0.0,0.12765388,0.0008309058,0.0019100661,0.006809596,0.0032380223,0.017752422,0.0,0.0,0.00087256334,0.012786492,0.0,0.0029065318,0.029372025,0.0,0.0,0.024112089,0.2678102,0.0,0.37103423,0.054577578,0.0,0.059257917,0.0,0.2222396,0.0021892823,0.0,0.0,0.0,0.029877258,0.0,0.0,0.17172572,0.0,0.0,0.071521915,0.0,0.0,0.31771427,0.0,0.15425992,0.0,0.0,0.0064479113,0.0,0.0,0.0,0.005945678,0.0,0.0,0.0,0.0,0.0,0.0,0.0,0.0,0.0,0.0,0.0,0.0,0.0038274166,0.0029328745,0.0,0.0,0.036208674,0.0,0.0,0.0,0.0,0.0,0.0,0.0,0.0,0.0022965767,0.0,0.0,0.0,0.0024380786,0.0,0.0003548751,0.0026191291,0.0,0.0,0.0,0.055158883,0.0,0.0067240978,9.206789e-05,0.0,0.001076063,0.0,0.0,0.0013220286,0.13771583,0.0,0.00240468,0.0,0.012872156,0.0,0.0,0.0,0.1108119,0.0,0.0,0.0,0.0,0.0,0.0,0.040382776,0.0,0.0006748803,0.0007338171,0.0,0.0,4.940191e-06,0.0,0.0,0.0,0.0,0.0,0.0,0.001186841,0.0,0.0,0.0,0.0,0.0,0.0,0.057100363,0.019277118,0.0,0.0,1.8858787e-05,0.00011358012,0.0,0.00029458577,0.0,0.0,0.053688515,0.0,0.0,0.023950845,0.0,0.05058289,0.0,0.007553383,0.0,0.0,0.0,0.0,0.0,0.0,0.0044668787,0.0,0.00084168755,0.01589149,0.0,0.0,0.0,0.0,0.0,0.0,0.0,0.0,0.0,0.0,0.008539441,0.0,0.0,0.0,0.0,0.0,0.0,0.0038253295,0.044335097,0.0,0.0030590806,0.0,0.0,0.0,0.0019909532,0.0,0.0,0.0,0.0,0.0,0.0,0.0,0.016407961,0.0,0.0,0.045439016,0.0,0.00352334,0.0012175842,0.0,0.0,0.081966214,0.0,0.1567954,0.021765798,0.0,0.0,0.0,0.0,0.04374218,0.0,0.029642632,0.0,0.00017509899,0.01408441,0.033806533,0.07408439,0.0,0.000139451,0.0,0.0,0.021529293,0.0022388909,0.0,0.0,0.0,0.0,0.0,0.0,0.0,0.0,0.0,0.0,0.028484628,0.0063094697,0.0,0.0,0.0,0.0,0.0,0.0,0.001109181,0.0,0.0,0.009260413,0.0030364967,0.0,0.0,0.004989354,0.0,0.002728219,0.0,0.0,0.0,0.0,0.0,0.0,0.0,0.032262813,0.04082565,0.0038557563,0.0,0.0,0.0,0.0,0.0,0.006720908,0.07966668,0.120447695,0.0,0.0,0.0,0.0,0.025453217,0.0,0.0,0.0,0.0,0.30068037,0.0,0.18657444,0.00050854683,0.08894078,0.0,0.0,0.0,0.0,0.0,0.0,0.0,0.0,0.0,0.0,0.0,0.0,0.0,0.0,0.0,0.0,0.0,0.0,0.0,0.0,0.0,0.0,0.0,0.0,0.00067339867,0.0,0.0,0.0,0.30994022,0.0,0.0026115265,0.0,0.0,0.0,0.0,0.0,0.0029784106,0.011225088,0.0041811485,0.0,0.000637541,0.0005075688,0.0,0.0017017394,0.0,0.0,0.010903258,0.0,0.0,0.0,0.0,0.0,0.81440914,0.009154613,0.0,0.0,0.001727204,0.0,0.0,0.07649917,0.0,0.0013137046,0.011682927,0.29894516,0.0,0.0045085135,0.0,0.0,0.0,0.0,0.0,0.0,0.0,0.016165521,0.050513733,0.03950135,0.0,0.0,0.0,0.0,0.0,0.005095411,0.0,0.0,0.0,0.0,0.00018507607,0.00826984,0.0,0.0,0.006536854,0.0,0.0,0.0,0.0992333,0.0314086,0.0008218167,0.0,0.0,0.011566393,0.0,0.0,0.01087349,0.13576248,0.0,0.0,0.0,0.0,0.002845443,0.0,0.0,0.0,0.06363871,0.0,0.0,0.0,0.0,0.0,0.0,0.00041615264,0.0,0.0,0.0,0.0,0.0,0.0,0.0,0.0,3.5766436e-05,0.12871966,0.0,0.1743679,0.0,0.035314076,0.0,0.05679324,0.08517166,0.0,0.00309746,0.0,0.0,0.0,0.0,0.0024948728,0.0,0.012510098,0.00047563654,0.0,0.0,0.0,0.0,0.0,0.072263375,0.0,0.0,0.0,0.0,0.0,0.0,0.0004842044,0.0,0.2844458,0.0,0.0,0.0,0.036886297,0.0,0.0,0.0,0.06003593,0.057450183,0.0,0.0,0.0,0.0,0.0,0.0,0.0,0.0,0.0,0.0,0.015107172,0.0,0.0,0.0,0.0,0.0,0.0,0.10221144,0.002459967,0.06857854,0.0,0.0,0.005051649,0.0,0.0023469953,0.0,0.24217047,0.024142232,0.002292178,0.0,0.0,0.014617864,0.0,0.0,0.031833146,0.0,0.0,0.0,0.0,0.0,0.042569164,0.0,0.01945603,0.2415229,0.0035750403,0.0,0.0,0.0,0.006383274,0.0,0.0,0.06198289,0.0,0.0,0.0,0.0,0.0,0.0,0.0,0.0,0.34574434,0.0,0.0,0.0,0.010310455,0.0,0.023001967,0.0,0.0,0.0,0.0,0.0013601878,0.0,0.0020448698,0.0,0.00082081434,0.4286501,0.00028535907,0.0,0.021388456,0.0056375563,0.0,0.0,0.0,0.008495381,0.0,0.0,0.0,0.0010905145,0.066308595,0.0,0.0032041597,0.0,0.018844845,0.0,0.0,0.0,0.0,0.0,0.08729049,0.008378167,0.030539306,0.0,0.024066184,0.0,0.028083267,0.0,0.0037263134,0.0,0.0034204575,0.0,0.0007096237,0.0,0.00571263,0.0,0.0,0.00092847174,0.0003857199,0.0,0.0,0.0,8.331315e-05,0.22495663,0.0,0.0,0.0,0.0,0.46407422,0.0,0.0,0.0,0.0,0.0,0.0,0.0,0.008036118,0.0,0.0,0.0,0.029671263,0.0,0.0,0.0,0.0,0.0,0.0,0.0072075203,0.0,0.0,0.0,0.0015990366,0.03256849,0.002609649,0.122281775,0.0,0.011606577,0.0,0.0,0.0,0.0,0.0,0.032968882,0.0,0.0,0.14165325,0.0014485996,0.0,0.0,0.0,0.014871403,0.0,0.0,0.0,0.0,0.0,0.0,0.0,0.0,1.0603564,0.0,0.0,0.0,0.0035444705,0.00026015055,0.0,0.0,0.0,0.024176113,0.0,0.0,0.004958949,0.1279931,0.04158275,0.0,0.0,0.0,0.027183698,0.0,0.0,0.0,0.0,0.0,0.0,0.0,0.0,0.0,0.0,0.0,0.0,0.0,0.025979996,0.0,0.0,0.011235845,0.0,0.0,0.0,0.0,0.0,0.0,0.0013631874,0.019717101,0.022584794,0.0,0.0,0.0,0.005185485,0.0,0.0,0.020208139,0.0,0.0,0.005899557,0.0,0.0,0.0,0.0031667363,0.002137723,0.0,0.0,0.074282676,0.08707656,0.0,0.0,0.008749595,0.0,0.07831859,0.0,0.0020403545,0.038698293,0.2825651,0.009648716,0.0,0.0,0.0,0.0,0.0,0.0,0.11523465,0.0,0.0,0.0,0.003285401,0.0,0.0,0.34853512,0.00057731115,0.005925607,0.0,0.0,0.0,0.0,0.0,0.0,0.0,0.0,0.06186244,0.0,0.0,0.04913742,0.0,0.0,0.0,0.0,0.0,0.018046325,0.0,0.01249111,0.0,0.0,0.00022770966,0.011010669,0.017116895,0.0,0.0,0.0,0.074972555,0.0,0.0,0.0,0.0,0.011954415,0.0,0.0,0.0,0.0,0.0,0.0,0.0,0.007069752,0.0,0.0041107694,0.0050723795,0.0,0.000708469,0.0,0.0,0.0,0.0024535924,0.0,0.068431124,0.07536138,0.0,0.036493137,0.0,0.08444588,0.044805188,0.0,0.0,0.0,0.6889676,0.0091207,0.0,0.0,0.0,0.26051766,0.0,0.0029583531,0.0,0.0,0.00013938242,0.0,0.00034463283,0.0,0.0,0.08421095,0.0,0.0,0.0,0.07720679,0.0,0.0,0.0,0.018108316,0.0031093834,0.0,0.0,0.0,0.0,0.0,0.22930607,0.007573084,0.0,0.0,0.001629063,0.0,0.044153966,0.0,0.0,0.0,0.0,0.17907906,0.0,0.25304946,0.003175716,0.0,0.0,0.0,0.018063162,0.008915706,0.0017366324,0.0,0.0,0.0,0.0,0.0,0.0,0.0,0.0,0.24822673,0.0,0.0,0.015598316,0.0,0.0,0.06546841,0.0,0.0,0.0,0.0,0.0034153024,0.0,0.0,0.0,0.0,0.6159565,0.0,0.0,0.0,0.0,0.0,0.0,0.0,0.0,0.0,0.0,0.9465071,0.0,0.0020039324,0.39846158,0.0,0.0,0.0,0.0,0.018120429,0.0,0.007417349,0.0,0.0,0.0,0.0,0.025553014,0.0350048,0.002313533,0.034532934,0.078607455,0.0,0.071445584,0.0,0.0,0.024750544,0.0,0.0,0.0,0.0,0.0067651724,0.0,0.0,0.0061304304,0.0,0.0,0.0,0.0,0.0,0.0,0.0,0.0,0.0018771862,0.00022361534,0.0,0.0,0.013389922,0.0,0.0,0.0010041862,0.0,0.0,0.0,0.0013737362,0.0,0.013612449,0.0,0.0,0.0,0.0,0.0,0.0,0.0,0.00021606502,0.0,0.0,0.0,0.0,0.0066151256,0.118728824,0.0,0.0,0.0,0.0,0.0,0.0,0.0,0.0,0.0,0.0,0.0,0.0,0.12283671,0.0,0.0,0.0,0.0,0.0,0.0,0.004005605,0.028073417,0.0,0.0,0.0,1.1419764e-05,0.0,0.0,0.0,0.0,0.0,0.017274382,0.0,9.5763986e-05,0.0,0.0,0.008941758,0.00028478066,0.0,0.0,0.018686876,0.0,0.0,0.0,0.011851149,0.028234832,0.0,0.005306274,0.035194498,0.0,0.0021230695,0.0042017214,0.0,0.0,0.0,0.0,0.008205031,0.0,0.0,0.035963096,0.0,0.0,0.0,0.0,0.0,0.015877478,0.0,0.0,0.0,0.61613435,0.0,0.0,0.0,0.0005536323,0.0,0.0,0.0,0.0,0.0,0.0,0.0,0.024216382,0.00030553524,0.0,0.0,0.0038415273,0.0,0.0,0.0,0.0,0.009659434,0.0,0.0,0.0,0.0,0.0,0.0,0.0036257626,0.0,0.0,0.03379901,0.028984362,0.014023415,0.0,0.0,0.0,0.0,0.0,0.0,0.0,0.0,0.0,0.0,0.0093227485,0.0,0.43300107,0.0,0.1899015,0.0,0.04782052,0.011795927,0.0,0.0,0.0,0.012562323,0.0,0.0,0.014501107,0.0034451971,0.0,0.0,0.0,0.0,0.0,0.0,0.0,0.0,0.0027620671,0.0,0.0,0.0,0.0051838304,0.036996003,0.0066940957,0.01033741,0.051187623,0.0,0.0,0.0,0.0,0.09856595,0.013448715,0.0,0.0069566825,0.0,0.0007281305,0.0,0.027045568,0.0,0.0,0.0,0.0,0.0,0.09513034,0.0,0.0,0.0,0.0,0.0,0.0,0.0,0.05609741,0.08545252,0.0037474788,0.0050547137,0.0,0.0,0.0,0.0,0.0,0.021073064,0.0,0.0021818061,0.0,0.008259885,0.0,0.0,0.0,0.0,0.0,0.007982869,0.003014601,0.094133705,0.0,0.0,0.0,0.001932081,0.028030882,0.0,0.0,0.0,0.0,0.0,0.0,0.0,0.0,0.0,0.0,0.042025547,0.0,0.0,0.001424794,0.0,0.0,0.0,0.0,0.0,0.090075105,0.036196884,0.0,0.0,0.0,0.0,0.008441942,0.001828904,0.0033542148,0.0,0.0,0.0,0.09626013,0.0,0.0,0.0,0.03699465,0.0,0.0,0.0,0.30264217,0.0,0.0,0.0,0.0,0.0,0.0,0.0,0.0,0.0,0.0,0.0,0.0,0.0,0.0,0.003372758,0.0,0.0,0.0,0.0,0.0038265795,0.0,0.0,0.13672848,0.06851451,0.03862693,0.006468918,0.00062362273,0.014787717,0.0,0.0,0.0017755644,0.0,0.0,0.0070418324,0.0035024066,0.0,0.0,0.0,0.0,0.0,0.0,0.0,0.0,0.0,0.01668879,0.002250531,0.0,0.0033079518,0.33463117,0.16351318,0.06508135,0.0,0.0,0.0,0.0,0.0,0.19222747,0.0,0.0011179909,0.008367752,0.0,0.0,0.02413466,0.0,0.0,0.0,0.0,0.0,0.0,0.0,0.0,0.0,0.0,0.0,0.04686884,0.0025989504,0.044856545,0.046249293,0.0,0.0,0.20818143,0.083357915,0.06640581,0.0,0.007035242,0.04691145,0.0,0.0,0.0,0.024797726,0.037366804,0.0,0.0,0.030302452,0.0010060832,0.0,0.0,0.0,0.0043186434,0.014476326,0.0,0.0015134646,0.0,0.0,0.0,0.0,0.0,0.0,0.00025545212,0.0,0.0,0.0,0.0,0.0,0.0,0.0,0.21642584,0.0,0.0,0.0,0.0,0.029050214,0.0050223954,0.0,0.027643848,0.0,0.00017028682,0.0,0.031339273,0.0,0.0,0.0,0.0,0.0,0.0,0.0,0.0,0.0,0.0,0.0012447333,0.0,0.0,0.0,0.098987,0.0,0.0046460605,0.0,0.0029290733,0.0,0.0,0.000365385,0.0,0.0,0.0028870471,0.0,0.007107028,0.006920485,0.0,0.0,0.2550159,0.0,0.0,0.0052356357,0.0,0.0,0.0005705478,0.0,0.0,0.0,0.012538011,0.0,0.0,0.0,0.0029485396,0.0,0.0005789777,0.0,0.016773198,0.026116595,0.0,0.0,0.0,0.0,0.038715564,0.0,0.0,0.0,0.008228716,0.0,0.0,0.0,0.0,0.0,0.0,0.0,0.0,0.0,0.0033235112,0.00041318676,0.0060577407,0.025300773,0.0,0.0,0.0,0.0699843,0.0,0.0,0.0,0.015511103,0.0,0.0,0.0,0.0,0.011468722,0.0,0.0,0.0,0.0009183847,0.0,0.00023126329,0.022647575,0.0,0.0,0.0,0.0,0.0,0.0027374339,0.0,0.0,0.036629725,0.0,0.0,0.0,0.0,0.0,0.040090114,0.06924555,0.0,0.0,0.0,0.018079571,0.0,0.11130436,0.0,0.0,0.0,0.0,0.0,0.0024657785,0.0,0.0,0.0,0.0,0.0,0.0,0.0,0.0,0.0,0.0014085015,0.0,0.0,0.004680693,0.025526244,0.0,0.0,0.0,0.12104825,0.0010625282,0.0,0.0249161,0.0,0.0,0.0,0.0,0.0,0.0,0.0,0.0,0.0,0.0,0.0,0.05540713,0.0,0.0,0.0,0.0,0.0,0.0,0.0,0.0066272533,0.038923033,0.0,0.0,0.0,0.0024158754,0.0,0.02083299,0.0,0.006857365,0.0,0.16201477,0.0,0.0,0.08761313,0.0,0.0,0.052507717,0.0022411845,0.0,0.17552668,0.042707637,0.0,0.0,0.0,0.0,0.010032514,0.0,0.0,0.005523431,0.19951148,0.028509453,0.023334775,0.084136255,0.0,0.0,0.03580804,0.0,0.00057191023,0.0,0.03410017,0.0,0.0,0.0,0.005944934,0.0,0.0,0.018898033,0.0,0.0,0.0,0.0,0.0,0.0,0.0,0.0,0.0,0.0,0.0,0.012890531,0.0,0.0,0.0,0.0,0.0,0.0,0.0,0.0,0.0028766822,0.0,0.0,0.0,0.0,0.0,0.0025863477,0.012296118,0.0,0.0,0.0,0.024192808,0.0,0.39851975,0.0,0.0,0.0,0.017592583,0.034660246,0.19732362,0.000390245,0.0,0.0063416604,0.0,0.0,0.0,0.0,0.0,0.01736167,0.0,0.008471538,0.0,0.20901453,0.0,0.0,0.0,0.0,0.0,0.0,0.04567418,0.0023966858,0.01629529,0.0,0.0,0.00038913926,0.0,0.0,0.004030111,0.0,0.0009990006,0.024241768,0.0,0.0,0.0,0.0,0.0,2.6576374e-05,0.007409794,0.0,0.0,0.0,0.035421543,0.0,0.0044069923,0.0,0.0022508902,0.0,0.0108700115,0.0,0.0,0.0,0.0,0.0036262274,0.011663641,0.042114448,0.009582997,0.0,0.0,0.0,0.0,0.0,0.014629634,0.0,0.012167395,0.0,0.023535151,0.016903112,0.036944855,0.007341757,0.0,0.0,0.0,0.36445266,0.009211286,0.0,0.0021371015,0.0,0.0,0.024997156,0.6914272,0.0,0.0,0.0,0.0,0.0,0.0,0.0,0.001051544,0.0,0.0,0.026451593,0.0,0.0,0.0,0.0,0.008861185,0.0,0.11381166,0.0,0.0,0.0,0.0002233386,0.0,0.018716812,0.0,0.0,0.0,0.030463202,0.0,0.0,0.0,0.0,0.0,0.0,0.0,0.0,0.0,0.0,0.053096917,0.0,0.0,0.0005445377,0.0,0.0,0.0027393894,0.0,0.0,0.0,0.0,0.0022693507,0.0,0.0078291735,0.0,0.0,0.0,0.0,0.009473523,0.0,0.0,0.07163866,0.0,0.0,0.0,0.0,0.01802019,0.0,0.0,0.00042226666,0.12379989,0.00041628265,0.0,0.0,0.0,0.010798712,0.009843632,0.10657579,0.0,0.0,0.0,0.0,0.0,0.0,0.2475305,0.0,0.0,0.00087370863,0.0,0.0,0.0,0.0,0.0,0.0,0.0,0.0,0.0,0.50889647,0.0,0.0,0.0,0.0,0.009883373,0.21810517,0.0,0.0,0.027440064,0.10430473,0.005503995,0.0,0.0016563227,0.016907165,0.0,0.0,0.027997812,0.0,0.013478228,0.0,0.0,0.0,0.0,0.0,0.049523618,0.0,0.0,0.0,0.0,0.0,0.0,0.0,0.0,0.0,0.0,0.014999396,0.006089181,0.0,0.0,0.0,0.03952073,0.006878983,0.00740305,0.0,0.0021796264,0.0,0.0,0.0,0.0,0.0,0.0,0.07224135,0.0,0.0,0.09610885,0.0061643445,0.021252438,0.0,0.0,0.0,0.0,0.0,0.0,0.0,0.0,0.0,0.0,0.0,0.020645307,0.0,0.0,0.017927133,0.020523548,0.0,0.0,0.021056056,0.0072280057,0.0,0.0,0.0,0.005179488,0.0,0.041333977,0.21747006,0.0,0.0,0.0028718929,0.0024077597,0.0,0.0,0.00034890856,0.002116361,0.0,0.03132445,0.049109604,0.0,0.0,0.0,0.0,0.0,0.0,0.0053512496,0.0,0.0,0.0,0.011549918,0.0,0.0,0.0,0.0,0.0,0.0,0.028176006,0.0,0.41480577,0.0026907215,0.0020500554,0.04172316,0.0,0.0,0.0,0.0,0.0,0.0,0.3081657,0.0,0.0,0.0,0.0,0.0,0.060280565,0.002562489,0.0,0.0,0.0,0.0,0.018978875,0.0010344284,0.00580106,0.0,0.0,0.0,0.0044526127,0.0,0.0067512575,0.0045959647,0.0,0.0,0.0,0.0,0.0,0.0,0.0,0.00049683056,0.0,0.03144158,0.0,0.0,0.07454118,0.0,0.0,0.0,0.00734581,0.09441947,0.0,0.0,0.0,0.0,0.0,0.0,0.0,0.0,0.0,0.0,0.0019172074,0.0,0.0,0.0,0.0058760718,0.013983698,0.0,0.0,0.0,0.0,0.0,0.0068685114,0.0,0.01828245,0.0,0.06583954,0.021895131,0.0,0.0,0.0,0.0,0.0,0.0020270543,0.0,0.0,0.007997747,0.01184253,0.0,0.0062671923,0.0,0.0,0.03861464,0.0,0.029480139,0.0,0.0,0.17191201,0.0061409646,0.0,0.0,0.0,0.008694895,0.0,0.0,0.0011223615,0.0,0.020268029,0.0,0.045040812,0.0,0.11414967,0.0,0.00399873,0.0,0.0,0.0,0.0,0.0,0.0,0.021361718,0.0,0.0,0.0,0.0,0.0019403076,0.0,0.0,0.00720926,0.0,0.03930395,0.0,0.0,0.0,0.0,0.0,0.0104770735,0.0,0.010071771,0.0,0.003109668,0.011100007,0.0,0.0,0.028036658,0.0,0.11813805,0.0,0.0013927197,0.0,0.0,0.0,0.0,0.0,0.0,0.0,0.0,0.00021002,0.0,0.0,0.006724403,0.07617632,5.93273e-05,0.0,0.0,0.0,0.0,0.0076756743,0.00616948,0.0,0.0,0.0,0.005065789,0.0,0.0,0.0,0.015999671,0.009015504,0.0,0.0,0.029330518,0.0,0.0,0.0,0.0,0.0,0.0,0.0,0.018213905,0.0006134364,0.0015619129,0.0030233648,0.0,0.0,0.0,0.007904021,0.0,0.07122149,0.0040600616,0.0,0.0,0.0,0.0,0.0,0.01011837,0.0,0.0,0.12910302,0.0,0.0,0.009108385,0.0,0.0,0.012851966,0.0,0.052948255,0.0015065427,0.00554648,0.0078597395,0.0,0.027506517,0.00042217606,0.0,0.0055170814,0.0,0.0,0.0,0.0,0.0,0.0,0.0,0.0,0.0,0.0998688,0.06263227,0.0138965435,0.0,0.0,0.0,0.07072813,0.0,0.0,0.0,0.0,0.0,0.0,0.08280019,0.0013601974,0.0,0.0,0.0,0.0,0.0,0.0,0.004364623,1.6365124e-05,0.0052779014,0.0,0.0,0.0,0.0,0.16640823,0.0,0.0,0.0,0.0,0.0,0.0,0.008619046,0.0,0.0,0.0,0.0059808553,0.0,0.0,0.0,0.0,0.0,0.053468943,0.0,0.0,0.0,0.0,0.0,0.0,0.004485398,0.0,0.0,0.0024868299,0.0,0.0,0.11547022,0.55571073,0.0,0.07326706,0.0,0.0022160672,0.0022258563,0.0,0.0,0.0257944,0.021357339,0.0,0.038112704,0.01588814,0.0,0.0,0.011324676,0.0,0.020975146,0.0,0.013033346,0.0,0.0,0.12117082,0.005260169,0.10083074,0.10324707,0.0,0.0,0.0,0.0,0.050315954,0.0,0.014220389,0.005384412,0.0040508863,0.0,0.0,0.0,0.0,0.0,0.0,0.0,0.0008800927,0.0,0.0013974418,0.08181741,0.0,0.0,0.0,0.0,0.0,0.0,0.17414162,0.017458094,0.009015652,0.07283192,0.0,0.0,0.0044423756,0.0,0.0,0.0,0.00011096804,0.0,0.07887121,0.02872706,0.0,0.0,0.010738338,0.26512265,0.0,0.0,0.0,0.00021163542,0.006197079,0.005787003,0.036649715,0.0,0.0544629,0.0,0.0,0.0,0.0,0.007713369,0.13246246,0.0,0.0,0.00059062365,0.0,0.0,0.07754314,0.003743736,0.0,0.00097531447,0.0,0.0,0.0,0.0,0.0,0.037903734,0.027512802,0.0,0.0,0.00015082894,0.058293898,0.0,0.0,0.0,0.1786632,0.1956566,0.13736314,0.0,0.0,0.0,0.025091639,0.0,0.0,0.0,0.0,0.0,0.0,0.0,0.021772385,0.0,0.0,0.008187793,0.0,0.0,0.00051196496,0.0,0.00022011144,0.00069530203,0.38890597,1.6853092,0.0,0.0,0.0,0.0032885312,0.0,0.017420024,0.0,0.0,0.013253056,0.0,0.0066463673,0.0,0.00022989085,0.0,0.0,0.0,0.0,0.0,0.0,0.0,0.0047595208,0.007527046,0.009456522,0.00529693,0.0,0.22501187,0.042300593,0.08251585,0.0026677093,0.0,0.16913617,0.0,0.042278014,0.025777083,0.0,0.0032342216,0.024676625,0.21642038,0.0,0.0,0.045938876,0.0,0.0,0.03589078,0.017123796,0.0,0.0,0.0,0.0,0.004872092,0.022512792,0.0,0.0,0.014201781,0.02558245,0.0,0.0,0.017882878,0.0,0.0,0.0,0.0,0.0,0.0,0.0074853995,0.0,0.0,0.0,0.022498388,0.0,0.0,0.0,0.0,0.06548045,0.0,0.0,0.0,0.0,0.0,0.0,0.0,0.0,0.0,0.05655637,0.078610905,0.021694582,0.023602907,0.032605786,0.0,0.04263644,0.0,0.003157595,0.0,0.0,0.0021505186,0.0,0.0072985017,0.058493108,0.09330368,0.0,0.0,0.0,0.087640315,0.0,0.0,0.0044826423,0.018450228,0.0081266,0.0,0.0,0.02925919,0.00034873583,0.0,0.0,0.0,0.0,0.0,0.0,0.00096538116,0.036516447,0.0065796934,0.0,0.0,0.0010914243,0.0,0.0,0.0,0.0,0.09439153,0.0,0.0,0.0,0.0,0.0,0.06390133,0.0,0.0,0.0034684795,0.0,0.0,0.0,0.02109588,0.015598573,0.02733592,0.0,0.0,0.0015015225,0.0,0.0,0.007535779,0.00057671993,0.0,0.0,0.0051178616,0.0,0.0,0.0,0.0,0.0,0.01674702,0.0,0.0,0.0,0.0,0.0030420532,0.03157409,0.0,0.0,0.0,0.07912633,0.00065836735,0.2993484,0.0,0.0,0.005784865,0.0,0.6420171,0.0017093311,0.044778697,0.39507246,0.0,0.0,0.0,0.094583824,0.0,0.0,3.573846e-05,0.0,0.0017801693,0.0,0.018002754,0.0,0.0,0.07795602,0.0,0.0,0.0,0.0,0.0061017275,0.0,0.0,0.0,0.0,0.0531109,0.00634442,0.0,0.0,0.0,0.0,0.0,0.0,0.0,0.0,0.14354986,0.0,0.0,0.028106166,0.0016565517,0.0056180297,0.0,0.0,0.0043710177,0.0,0.0011625411,0.0,0.0003543496,0.0,0.0,0.0,0.0,0.0,0.043330908,0.0,0.003778567,0.07112284,0.0041588945,0.0,0.0,0.013439521,0.01615899,0.003980724,0.0,0.0,0.0055939737,0.0,0.0047409195,0.0,0.0028588334,0.120641306,0.0,0.0,0.0,0.049831487,0.0,0.10698772,0.0,0.0,0.0,0.0,0.0,0.00067256176,0.0,0.0,0.0,0.0,0.0,0.0,0.0,0.011390708,0.0,0.08050706,0.0,0.0,0.0019366541,0.0,0.0,0.0024063273,0.002530441,0.0,0.009876272,0.0,0.004870371,0.0,0.010648303,0.028769687,0.0,0.0,0.0,0.0019353555,0.0,0.0,0.0,0.061480857,0.0,0.0,0.0,0.0,0.007705828,0.0,0.15362385,0.0,0.016495802,0.0003628378,0.0053271884,0.0,0.0,0.0,0.0,0.0,0.0009756879,0.0,0.0,0.0,0.0059375935,0.038001936,0.0,0.030442875,0.0,0.0,0.0,0.0,0.0,0.024316223,0.0,0.0,0.0,0.14855896,0.0,0.0,0.008232408,0.0,0.0012219609,0.0,0.012622224,0.035196222,0.0067662452,0.0,0.0,0.0,0.0,0.0,0.0,0.03133425,0.011022349,0.0,0.0016034063,0.0,0.0,0.0,0.0,0.07784997,0.0009233161,0.0,0.0,0.0,0.0053337184,0.0,0.0,0.0,0.0,0.14897649,0.0,0.0016564642,0.0,0.0,0.0,0.0,0.0,0.0,0.0,0.14218839,0.009856535,0.0,0.0,0.0,0.0,0.0,0.0,0.020348772,0.0,0.0,0.0,0.008544034,0.01779006,0.0,0.0,0.051314574,0.0012068079,0.0,0.0,0.0,0.0,0.0,0.0,0.03127813,0.0,0.0,0.0,0.0,0.0,0.0,0.0,0.0,0.0,0.0,0.0,0.0016594359,0.0,0.0,0.0,0.26230142,0.0,0.0,0.034656424,0.0,0.0,0.0,0.014692158,0.0,0.004833426,0.0,0.0,0.0,0.005622087,0.05239441,0.0,0.0,0.0,0.16583206,0.0,0.10814785,0.002770962,0.0,0.0,0.0,0.0,0.0,0.0,0.022954162,0.0,0.0,0.0057511013,0.12943134,0.0,0.011578251,0.0,0.017571831,0.086794525,0.0051829075,0.0,0.0,0.0,0.0,0.0024321675,0.0,0.0,0.0,0.0055070757,0.0,0.0,0.0,0.0,0.056220036,0.0,0.0,0.0,0.0,0.0,0.0,0.0,0.0,0.0,0.0019690334,0.0,0.0011979025,0.0,0.011179839,0.0124960905,0.0,0.009757186,0.011049651,0.0,0.0012161634,0.013304241,0.0,0.0,0.0,0.014199098,0.0,0.0,0.0,0.0,0.01356247,0.11137242,0.04409003,0.0039935806,0.0,0.0,0.0,0.0,0.0,0.031172656,0.0,0.0,0.8818672,0.0,0.0067955195,0.006748512,0.0061845975,0.0,0.0,0.0,0.0,0.0,0.0,0.0,0.0,0.0,0.02015394,0.0,0.0,0.01866549,0.0,0.060676396,0.0,0.0,0.0,0.025822815,0.0,0.0,0.0,0.008083565,0.0,0.017660799,0.0010513809,0.0,0.0,0.0,0.0,0.0055194036,0.0046545034,0.0,0.015689246,0.0003354209,0.0,0.0,0.0,0.0,0.0,0.024814919,0.0,0.0,0.0,0.0,0.038978726,0.0,0.009520984,0.0,0.0,0.04121444,0.011997787,0.0,0.0,0.031730857,0.0,0.0311213,0.10648202,0.0,0.0019385109,0.0,0.0,0.0036399437,0.15029661,0.0,0.0047422443,0.24110718,0.18403484,0.0,0.007531295,0.0,0.054334547,0.0,0.017093593,0.013629485,0.14288156,0.005013059,0.0,0.0,0.029532257,0.0,0.00028629205,0.013303324,0.0,0.0,0.0,0.0020957284,0.0,0.07266181,0.24204561,0.0014594465,0.0,0.0,0.0,0.0,0.0135823395,0.0,0.030582462,0.0,0.029427955,0.0,0.008597819,0.0098680165,0.0,0.0024118891,0.0021638116,0.0,0.0,0.0,0.007519457,0.0,0.040693182,0.0,0.0,0.5003823,0.0,0.0,0.0,0.00030524755,0.0,0.0,0.0,0.0,0.0,0.0,0.0,0.017509388,0.0,0.0066730077,0.0,0.027854221,0.0,0.0008656492,0.0013268249,0.0065952456,0.0,0.0,0.0,0.00071579823,0.0,0.0,0.0,0.0,0.0007322759,0.3188528,0.0,0.0,0.0,1.3754196,0.027687758,0.0,0.0,0.0,0.0011013425,0.0,0.0,0.0,0.0,0.0,0.022980087,0.0,0.0,0.0,0.0,0.0,0.0,0.0,0.0,0.0,0.0,0.0,0.032836244,0.007885037,0.0,0.0,0.0,0.018939832,0.11290121,0.0,0.041345663,0.0033538255,0.017107923,0.0,0.0,0.0,0.0,0.0,0.017679255,0.0,0.0,0.0,0.0,0.0,0.0,0.0,0.0,0.09103522,0.0,0.0,0.020054433,0.0,0.0,0.0,0.0,0.0,0.0,0.0,0.0,0.0,0.0,0.0070639923,0.0,0.0,0.0074501853,0.0,0.0,0.00722608,0.0,0.0017917011,0.005194744,0.0,0.0,0.0,0.0,0.0,0.0059264107,0.0,0.0,0.0,0.042909924,0.0,0.0,0.0,0.0,0.0,0.0,0.0,0.0,0.0,0.0026659188,0.0,0.0,0.0,0.0,0.0,0.087774314,0.0,0.010031695,0.0,0.0,0.09652622,0.0,0.0,0.0409266,0.10289053,0.0,0.0,0.0,0.0,0.0,0.007268236,0.0,0.027505636,0.0,0.0010635172,0.0,0.013991014,0.0,0.032840732,0.039788917,0.0,0.26513836,0.0,0.20803225,0.0,0.0,0.0,0.03481993,0.0,0.05134803,0.0,0.0830763,0.0,0.0,0.0,0.0,0.011514691,0.0,0.28851742,0.0,0.0057102586,0.0,0.00060361077,0.0,0.0,0.0073943795,0.0,0.0,0.0,0.0042062667,0.0,0.0,0.0,0.0,0.025972094,0.0,0.002495307,0.0006123073,0.0,0.0,0.0,0.0,0.004558062,0.0,0.0,0.0,0.0,0.0,0.028636167,0.0,0.0,0.0,0.0,0.0,0.0,0.0,0.0,0.0,0.015683895,0.0,0.0,0.001141429,0.0,0.0034878254,0.0,0.0,0.002726432,0.0,0.00458216,0.0034009991,0.0,0.0,0.0,0.0,0.0,0.0061818226,0.01785507,0.0,0.0,0.023652118,0.0,0.0,0.0,0.024181064,0.0,0.0,0.03154088,0.0,0.0077844225,0.0,0.012693483,0.0,0.23699246,0.0,0.1032622,0.0,0.11283767,0.0,0.0,0.0,0.0,0.0,0.0,0.0,0.0,0.005139368,0.0,0.0,0.0,0.0,0.0,0.0,0.055972762,0.8423772,0.0,0.0,0.00031831313,0.0,0.0,0.0,0.0,0.0,0.12662105,0.0,0.0,0.0037205243,0.0,0.0,0.0,0.0,0.0,0.0,0.0,0.0,0.0004430535,0.0,0.24657479,0.004843964,0.0,0.0078049605,0.0,0.033528578,0.017918412,0.0,0.0,0.0,0.0,0.016723052,0.10021169,0.0,0.0,0.0,0.029742042,0.0,0.0,0.033238947,0.0,0.0028833004,0.017844336,0.0,0.0,0.0,0.0,0.0,0.058822468,0.0065118987,0.0,0.0067079705,0.0,0.056081437,0.0,0.0,0.013647802,0.02237027,0.0,0.0031675538,0.007952794,0.0,0.0,0.0,0.0,0.0,0.0,0.0,0.0,0.0,0.0,0.0,0.0,0.0,0.0,0.008138795,0.028101621,0.0,0.0,0.0,0.0,0.021540182,0.0,0.0614429,0.013448591,0.0,0.0,0.0,0.0,0.0,0.0,0.004414984,0.0,0.0,0.0,0.04849571,0.0,0.0,0.088393345,0.0,0.0,0.002276793,0.0,0.1021769,0.027078873,0.012446292,0.0,0.0,0.0,0.0,0.0,0.005558116,0.0009094191,0.0,0.0,0.0,0.0,0.016185135,0.0022476893,0.0,0.005827513,0.0,0.0,0.0,0.0,0.0,0.0016423045,0.0,0.008592939,0.014951806,0.0,0.0,0.0,0.000508829,0.0,0.0,0.03573829,0.0,0.0,0.22647025,0.0,0.0,0.09263645,0.0,0.0,0.0024790082,0.0,0.0138010075,0.0,0.0,0.0,0.0,0.0,0.00022223774,0.0,0.2677736,0.0,0.0,0.0,0.0,0.0,0.0017879994,0.0,0.0006408825,0.0,0.0,0.0,0.0,0.0,0.0,0.0,0.0042151944,0.0,0.0,0.0,0.0,0.0,0.0,0.0,0.06968509,0.04819363,0.0,0.0,0.0,0.0,0.0,0.004989636,0.0,0.0,0.0,0.0,0.0,0.0,0.0008250124,0.0,0.0,0.0019040877,0.0,0.0018302494,0.0,0.0,0.0,0.0,0.0015785035,0.6735952,0.0026808113,0.002262131,0.0,0.0,0.0,0.06250981,0.022605618,0.0016915653,0.0,0.051649634,0.044566076,0.0,0.0,0.21760248,0.02628812,0.0,0.0,0.0,0.0,0.0023265567,0.0,0.0,0.0,0.012686253,0.0028918313,0.0,0.03199835,0.0,0.0,0.0,0.0,0.0,0.0,0.0,0.0,0.0,0.00036259452,0.0,0.013715181,0.0,0.0,0.0,0.038745046,0.012147245,0.016201342,0.0,0.022970833,0.013803506,0.0,0.043346092,0.0,0.0,0.008382849,0.0007233218,0.0,0.050434843,0.0,0.0,0.0,0.0,0.0,0.01573458,0.00042762197,0.38135582,0.0,0.0,0.0,0.0,0.0019354577,0.0,0.0,0.08041588,0.0,0.0,0.0,0.0,0.035729103,0.0,0.0,0.0,0.1392647,0.0,0.0,0.0,0.0,0.0,0.0,0.0,0.003713581,0.0,0.023064667,0.0,0.008880175,0.0013370623,0.0,0.0,0.0,0.0,0.0,0.0,0.0,0.0,0.0010665369,0.0049294815,0.0,0.0021722438,0.0,0.0,0.011871521,0.0,0.0,0.0,0.0,0.0,0.015209973,0.0,0.116436936,0.0,0.0,0.0,0.0,0.0,0.12501165,0.0,0.0,0.0,0.07177535,0.0,0.13971876,0.0,0.0,0.029193329,0.0,0.0,0.01775014,0.0,0.0,0.0,0.011624484,0.0,0.0,0.0,0.0041411216,0.0,0.02784001,0.025224486,0.0,0.008288909,0.0011550018,0.0030812342,0.20576936,0.0,0.0,0.0,0.0,0.0,0.03156835,0.0,0.0,0.0,0.0,0.0,0.0,0.0,0.010440831,0.0,0.0037336398,0.0,0.076824054,0.0,0.0,0.0,0.0,0.0,0.0,0.013313177,0.0,0.0,0.0064598685,0.02757166,0.0,0.0,0.0,0.0,0.0023125757,0.0,0.0,0.0,0.0,0.07246738,0.0059794807,0.009329579,0.0,0.00060317223,0.02272924,0.0,0.0,0.0,0.0,0.0,0.0,0.0039103944,0.15251209,0.0,0.0026271732,0.0,0.013232961,0.046913605,0.1753559,0.0,0.078358516,0.0,0.0,0.0,0.0019098216,0.0074568815,0.0,0.0,0.0,0.027402887,0.0,0.008797661,0.14525868,0.0,0.0,0.0,0.0,0.0,0.0,0.0,0.01640283,0.0,0.0,0.0065279477,0.0,0.00035110908,0.0,0.0,0.0020776673,0.015423321,0.0,0.0029978096,0.0,0.0,0.014631376,0.070292704,0.0002440506,0.0,0.0,0.006338444,0.0,0.0002672496,0.0,0.0,0.0,0.0,0.0,0.041080024,0.022562299,0.0,0.00010000078,0.002948177,0.0,0.0,0.0,0.024927074,0.0,0.007526563,0.0,0.0,0.0,0.0,0.0,0.0,0.016658328,0.008464029,0.035535943,0.07033459,0.084172316,0.0,0.0,0.0,0.0,0.0,0.030192668,0.004981265,0.0,0.0,0.0074671214,0.0,0.0,0.0069525777,0.0,0.1160782,0.0,0.0,0.022590555,0.0,0.006554234,0.0,0.0,0.0,0.0,0.007555222,6.390956e-05,0.0,0.0,0.0,0.042266227,0.0,0.09180139,0.0,0.0,0.09432534,0.0,0.06895831,0.0,0.0,0.0,0.0008516111,0.0,0.0024912464,0.021322038,0.0,0.18097539,0.0,0.011235034,0.0085377395,0.0,0.04987381,0.0,0.0,0.0,0.0,0.0,0.0,0.0,0.0,0.0,0.0,0.00081048085,0.0,0.09669071,0.0,0.18327437,0.0,0.0,0.0,0.0,0.0,0.0,0.0,0.0,0.0,0.0,0.0,0.0,0.0,0.0,0.0045755603,0.0438344,0.0,0.0,0.0,0.0,0.0,0.0,0.0,0.0008565146,0.0,0.0,0.0,0.036217082,0.010037215,0.0034307218,0.0,0.0,0.0,0.000767203,0.0,0.0,0.0,0.03344895,0.0,0.0,0.025315372,0.0,0.0,0.0,0.0,0.030825077,0.0,0.007857275,0.0,0.0,0.0,0.0,0.0,0.0,0.0,0.001474136,0.0,0.0,0.0,0.001477031,0.0,0.0,0.0,0.0,0.0,0.0,0.0,0.040315878,0.0022475768,0.0,0.0,0.13173434,0.06461882,0.0,0.0,0.0,0.49064532,0.0,0.0,0.0,0.0,0.0,0.0,0.0,0.0,0.0,0.0,0.0,0.0,0.0,0.0,0.0,0.0,0.0,0.0,0.0,0.0,0.0,0.0022822327,0.0,0.049606673,0.0028137637,0.37363768,0.00011360767,0.0,0.0,0.0,0.010185348,0.0,0.0,0.0,0.0,0.0,0.0004959536,0.0,0.0,0.0,0.0,0.0,0.0,0.0,0.011205403,0.015533921,0.0,0.0,0.0030427454,0.014237143,0.0,0.046383537,0.003176995,0.0,0.0,0.0,0.0,0.0,0.0,0.0028491872,0.012967432,0.0,0.0,0.0,0.0,0.0,0.0,0.0022595944,0.014248712,0.0,0.0,0.0,0.0,0.024579749,0.0,0.023949401,0.0,0.0,0.030326186,0.0037281562,0.0,0.0030041237,0.0,0.12451645,0.0,0.0,0.035093877,0.0,0.0,0.0,0.022060022,0.0,0.0,0.0,0.0,0.0,0.026386373,0.0,0.00049193174,0.0,0.0,0.0,0.0,0.0,0.0,0.0,0.011022662,0.0,0.0,0.0,0.0,0.0,0.0,0.00016557684,0.0,0.0,0.0,0.0,0.015704995,0.0,0.0,0.0,0.0,0.0,0.0,0.0,0.0,0.00012644244,0.0,0.0,0.008712783,0.0,0.0,0.0,0.021940136,0.00510499,0.0,0.014089881,0.002239681,0.0014706352,0.03972466,0.0,0.002692956,0.0,0.37724173,0.0,0.0014460583,0.020608017,0.006704998,0.0,0.0,0.0,0.0,0.0,0.0,0.0,0.0,0.030946681,0.042875417,0.0,0.0011297525,0.0,0.0,0.011112845,0.01640051,0.0,0.011080231,0.0,0.034209903,0.021900527,0.013126577,0.0,0.0,0.0,0.00091432675,0.024381235,0.0,0.11463283,0.0025632405,0.0,0.014393965,0.0,0.004131699,0.0,0.0,0.0,0.0,0.050162956,0.0044775107,0.0,0.000989903,0.0,0.0,0.0,0.15117775,0.0,0.0,0.0,0.0,0.029789185,0.0,0.0732252,0.0,0.0,0.069372915,0.013241919,0.065040335,0.0,0.031254448,0.718657,0.0,0.0,0.0,0.0,0.00056983955,0.0,0.0,0.0,0.02967305,0.0,0.0,0.023306932,0.0,0.0,0.010030453,0.010058708,0.0,0.0,0.017645827,0.017786298,0.0,0.0,0.0,0.0,0.09552155,0.0,0.0,0.0,0.0,0.0,0.0,0.0,0.0,0.0,0.011314882,0.0,0.0,0.018377095,0.0,0.0,0.008703596,0.0,0.0,0.0,0.0010714817,0.0,0.0,0.0,0.00064608513,0.0,0.00037743122,0.00071202003,0.00034015154,0.0,0.03688939,0.0024897833,0.0,0.0,0.0,0.029256646,0.0,0.0,0.0,0.009827402,0.0,0.0,0.0,0.0,0.0,0.004207099,0.028201764,0.0,0.0,0.0,0.0,0.0,0.0,0.0,0.0,0.0,0.15249912,0.0,0.0,0.0026541485,0.0,0.0,0.040861897,0.0,0.0,0.0,0.0,0.0,0.0,0.014172372,0.0,0.0,0.0,0.0,0.0,0.0,0.0,0.0,0.0,0.100337386,0.0,0.0,0.0,0.016169764,0.0,0.0,0.0,0.0104312925,0.0,0.0,0.0,0.0,0.0,0.00058864086,0.0,0.010075251,0.0,0.0020354548,0.07375441,0.0,0.0,0.0,0.0,0.008909205,0.0,0.0,0.0,0.0,0.0017978355,0.0,0.0,0.0,0.0,0.0,0.0,0.0,0.0,0.0,0.009271402,0.01084925,0.0,0.0,0.0,0.0,0.011944059,0.0,0.0,0.0,0.019044247,0.022538131,0.0,0.005188699,0.0,0.0,0.0,0.0,0.0,0.0,0.0046947976,0.0,0.0,0.010811416,0.052379414,0.21379578,0.0104651805,0.04602146,0.0,0.008083158,0.0,0.0,0.0,0.0024176654,0.034218024,0.0,0.046024047,0.0,0.0,0.016044596,0.003330918,0.0,0.0,0.0,0.0,0.030096823,0.0,0.0010206298,0.0,0.0,0.0,0.034981057,0.105112456,0.0,0.0,0.0,0.03306808,0.0,0.0,0.0021329038,0.0,0.04465536,0.0,0.0,0.0,0.031695824,0.0,0.0,0.0,0.0,0.0,0.0,0.0,0.0,0.0,0.0,0.0,0.0,0.0,0.0,0.0,0.013135116,0.0,0.0,0.0,0.0,0.0,0.02983186,0.0,0.0,0.0029727756,0.0,0.017415747,0.01232824,0.0,0.0,0.0,0.012065999,0.0,0.0,0.0,0.00064421,0.0,0.0,0.0,0.0037520686,0.01602255,0.00054904877,0.0,0.0,0.009810961,0.0,0.0,0.0,0.0,0.0,0.0,0.0,0.0,0.0784771,0.0,0.0,0.0,0.0,0.0,0.0,0.0,0.0,0.0,0.0,0.0,0.0,0.0,0.0,0.0,0.0,0.0,0.0,0.0,0.0,0.123848274,0.0,0.0013081833,0.010561835,0.0,0.00016667649,0.0,0.011086009,0.0,0.0,0.0024410218,0.04006027,0.010452989,0.0,0.0,0.0,0.0,0.0017421076,0.0,0.021850405,0.0,0.0,0.0,0.0,0.0,0.0,0.0,0.0,0.0,0.0,0.0,0.0,0.0,0.0,0.11792991,0.0,0.0,0.0,0.0,0.057076074,0.0031558932,0.1330459,0.0,0.06461274,0.0,0.0038935104,0.0,0.0,0.0,0.0,0.0,0.0,0.0,0.027883507,0.0,0.0028332204,0.0,0.0,0.0,0.0,0.0,0.0,0.0054052873,0.0,0.0,0.0,0.0,0.0,0.011515355,0.0061437124,0.0,0.0,0.0,0.0,0.0,0.16162226,0.0,0.0,0.0,0.00083413173,0.0,0.000362749,0.0,0.0,0.0006984661,0.0,0.0,0.11990649,0.0,0.0006862806,0.0052083773,0.0,0.0,0.0,0.0,0.0,0.11957373,0.0,0.0038417382,0.06609363,0.0,0.0,0.0,0.0,0.0,0.0,0.0,0.0,0.0,2.449483,0.0,0.0,0.0,0.0,0.012279444,0.02637642,0.0,0.014655859,0.0,0.0,0.0,0.0019818253,0.07136731,0.0,0.07419327,0.0,0.002363838,0.0,0.0,0.007087008,0.00057594385,0.0,0.0011266833,0.0,0.0,0.0003063849,0.0,0.0,0.025193166,0.0,0.0,0.0,0.0,0.0,0.0,0.0,0.33802024,0.0132194245,0.0,0.0,0.0,0.010901892,0.0,0.0,0.005314698,0.0,0.0,0.0035807113,0.022319935,0.0,0.007807155,0.0,0.0,0.0,0.0,0.0,0.0,0.0011802084,0.0,0.0,0.07261086,0.024694182,0.0,0.01414347,0.0,0.0006696278,0.0,0.0,0.0,0.003951428,0.0,0.0,0.0,0.0057677347,0.0,0.0,0.0,0.0,0.0018918429,0.04933586,0.0,0.0,0.0,0.0,0.11347868,0.8013115,0.0,0.06527535,0.0,0.0,0.003549881,0.0,0.0,0.0,0.048607383,0.0,0.0,0.0,0.0,0.0,0.0,0.03230104,0.0,0.09378957,0.0379752,0.0,0.0,0.14402391,0.66066265,0.0,0.0,0.0,0.0,0.0,0.0,0.035777804,0.0,0.0,0.0,0.0,0.0,0.01840027,0.036890432,0.0,0.26598856,0.0018922723,0.0,0.0,0.0,0.0,0.15831363,0.0047872164,0.0,0.0,0.008996404,0.00599947,0.09986581,0.0,0.015777322,0.0,0.16238748,0.0,0.03264658,0.0,0.028486006,0.0045657256,0.0,0.0,0.0,0.4240462,0.0,0.0,0.02709574,0.0,0.0,0.0,0.0,0.0,0.0,0.0,0.17767715,0.0,0.0,0.0,0.0,0.0,0.009362834,0.049737718,0.0,0.0,0.0,0.0,0.0,0.0,0.0,0.0,0.0021961392,0.0,0.0,0.0,0.0,0.029030116,0.0,0.0,0.002430742,0.0,0.016036704,0.002691556,0.0,0.0,0.0,0.0,0.0016510615,0.007591478,0.008345883,0.03271893,0.014197882,0.0,0.0,0.0,0.0,0.02375571,0.004525895,0.0,0.0,0.0018472362,0.00013215932,0.0,0.0,0.0,0.0,0.0,0.0,0.0010424177,0.0,0.0026980152,0.0,0.008953176,0.0,0.0,0.0,0.0,0.0,0.0,0.0,0.0070243124,0.0041515343,0.0,0.0,0.00092666,0.0,0.0,0.0,0.0,0.0,0.0041664257,0.0,0.0,0.0,0.09460121,0.032732587,0.0,0.0,0.0,0.0,0.00010903879,0.019639302,0.0,0.0,0.0,0.0,0.0,0.0,0.0,0.0,0.0,0.0,0.0,0.032971084,0.0,0.0020609412,0.0,0.0,0.070256256,0.0,0.0,0.0,0.0,0.00075598515,0.0017538144,0.026676133,0.0,0.0,0.0,0.0,0.0,0.04547995,0.0014518402,0.0,0.0,0.0,0.0016675895,0.0,0.0,0.0,0.0,0.0,0.0,0.0,0.0,0.0,0.0,0.018830763,0.0,0.0,0.0,0.0,0.051433217,0.0,0.0,0.005428256,0.0,0.0,0.0,0.0,0.0,0.0,0.0026635479,0.10461467,0.0,0.09459719,0.0,0.013305429,0.0,0.0,0.0,0.024073275,0.0,0.0,0.0,0.0,0.0,0.06613862,0.02876709,0.0,0.0,0.0,0.0,0.0,0.0,0.0,0.0004365118,0.0,0.0048628314,0.0,8.789496e-05,0.0,0.0,0.13020948,0.0,0.0,0.0,0.0,0.02056787,0.0,0.0,0.0,0.0,0.0,0.029897198,0.0,0.0,0.0,0.0,0.0,0.0,0.0,0.08056008,0.00015835615,0.0,0.27424532,0.0,0.0,0.0,0.0012355928,0.0,0.007902879,0.0,0.0,0.0027556566,0.0,0.19596954,0.0,0.0059225247,0.0,0.0,0.0,0.0,0.0,0.0,0.03457836,0.0,0.0,0.0,0.0,0.0,0.0,0.0,0.024840735,0.0,0.0,0.0,0.0,0.31553853,0.0,0.0031508585,0.0,0.0,0.001782257,0.016073797,0.04813642,0.0,0.0,0.0041075605,0.021579966,0.0,0.0,0.0,0.0,0.0010095744,0.0,0.0,0.067999184,0.0,0.0,0.0,0.0,0.0,0.0019878643,0.0,0.0006215463,0.0,0.0,0.0,0.0,0.0067396783,0.0,0.0,0.0,0.0,0.0,0.0,0.0,0.0,0.0,6.0538856e-05,0.0,0.0,0.0,0.0,0.0,0.0,0.0,0.0,0.056557514,0.032237325,0.00018525991,0.0,0.073966645,0.0,0.0,0.0,0.0,0.0,0.0,0.00954593,0.008600982,0.0,0.0,0.0,0.029180946,0.0005907854,0.0,0.0,9.8084914e-05,0.0,0.090184525,0.0007256853,0.0,0.016293358,0.0,0.048336904,0.0,0.10114311,0.0,0.0,0.0055785635,0.0,0.0075578126,0.0047076014,0.0,0.0,0.0,0.0,0.0,0.47475424,0.042776722,0.0,0.030031083,0.0037179517,0.0022210784,0.0,0.0,0.061121363,0.0,0.0063592903,0.003451731,0.020984951,0.0,0.0,0.0,0.0,0.0,0.0022888987,0.014958686,0.1346622,0.0,0.0,0.014243834,0.0,0.37449485,0.0,0.023142645,0.0,0.0,0.0,0.0,0.0,0.0,0.0,0.0,0.0,0.0047031846,0.0,0.0,0.01986174,0.0,0.0,0.0005534364,0.0023186803,0.0,0.0,0.015942732,0.0006656014,0.0006935493,0.0021748475,0.0,0.0,0.0072195507,0.0,0.0,0.0,0.0,0.0,0.0,0.025338963,0.0015304281,0.0,0.054174967,0.0101394085,0.0,0.0,0.0,0.0,0.0072266604,0.0,0.09521326,0.0,0.031135214,0.0,0.0,0.0,0.04432799,0.0,0.0,0.0,0.012339171,0.0015464012,0.010482193,0.07329202,0.0,0.0,0.0,0.0,0.0,0.01869213,0.0,0.0006832103,0.0,0.0,0.0,0.0,0.0,0.026061554,0.0,0.0,0.023155883,0.0,0.0,0.0,0.0,0.0,0.0,0.0,0.0,0.0,0.0,0.0,0.0,0.0,0.0,0.0,0.0,0.11494938,0.0,0.00022175969,0.0,0.017063469,0.14420912,0.0,0.0,0.1058607,0.0,0.03803295,0.008131159,0.0,0.0,0.0,0.0,0.0,0.0,0.0076225,0.1669145,0.0019008049,0.0,0.0,0.0,0.0,0.0015566075,0.0,0.0,0.0,0.00074905675,0.0,0.0,0.0,0.0,0.0,0.0,0.0,0.04619282,0.0,0.029079046,0.0,0.021214686,0.0034829876,0.0,0.0,0.0,0.0,0.0,0.0,0.0032101783,0.0,0.0041724867,0.01369533,0.0,0.0,0.12615019,0.20671825,0.003825864,0.0,0.0,0.0,0.0,0.035950933,0.030539433,0.027004901,0.0,0.30555275,0.0,0.0,0.0,0.0,0.0,0.0,0.0,0.0,0.022793157,0.09907666,0.0,0.02265122,0.0,0.0014673617,0.008746282,0.0,0.002652774,0.0,0.0019042315,0.004359934,0.02418661,0.0,0.693171,0.0,0.0053771576,0.14194636,0.011291507,0.44335446,0.06908483,0.0,0.0,0.0,0.0009825156,0.0,0.0,0.0,0.016213408,0.043054912,0.00073487783,0.0,0.0,0.015911784,0.0022111011,0.0,0.0,0.0014116447,0.0,0.00064762315,0.0,0.0,0.09567139,0.0,0.0,0.0,0.0,0.0,0.049820412,0.0,0.0145907495,0.0005693132,0.0029550293,0.0,0.18624078,0.0,0.0,0.0,0.0,0.0,0.019877793,0.088125266,0.0,0.0,0.0,0.0,0.0013025318,0.0,0.0005886615,0.0,0.0,0.0,0.0,0.0,0.00483762,0.00053882843,0.0,0.02236168,0.018152585,0.0,0.0,0.0,0.020449532,0.0,0.00094919547,0.035098046,0.0,0.0,0.018778358,0.0,0.0067854025,0.0,0.0,0.0,0.087356664,0.0,0.019307755,0.0,0.0,0.0,0.0,0.0,0.0,0.0,0.17903087,0.0,0.0,0.0,0.0,0.0,0.0,0.0,0.0,0.018886127,0.0,0.0,0.0,0.0,0.0,0.0,0.00398229,0.010872773,0.00019232837,0.0,0.016690182,0.0033578896,0.0,0.0,0.0,0.0,0.063168906,0.0,0.0,0.0010651374,0.0,0.20504765,0.0,0.0,0.0,0.0,0.0,0.0073452634,0.0,0.018147105,0.035108864,0.0,0.012225355,0.018323712,0.0,0.0,0.0,0.0,0.00027420555,0.0,0.0,0.00418692,0.0,0.0,0.0,0.0,0.186915,0.0,0.0,0.00116661,0.0,0.017081838,0.0,0.011972281,0.54839265,0.0,0.0,0.16848393,0.45104954,0.0011393051,0.007152643,0.0,0.0,0.0,0.0,0.0,0.0,0.0,0.053304404,0.0,0.014203639,0.0019202476,0.009697638,0.0,0.005386805,0.0,0.0,0.0025939874,0.00069046963,0.026556984,0.0,0.27075633,0.0,0.0,0.0,0.0,0.0,0.0,0.031044293,0.13676369,0.0,0.0,0.0,0.0,0.0,0.0,0.0030126127,0.031707387,0.0,0.0,0.0,0.0,0.0,0.0,0.0,0.03364966,0.0016556127,0.0,0.0,0.0062417365,0.0,0.0,0.0,kennedy5.jpg
1,0.0,0.027586665,0.0,0.01596145,0.0,0.0,0.0,0.054877583,3.597566e-06,0.0012476055,0.09509824,0.0,0.0,0.0,0.41726205,0.0,0.0016153266,0.0017623269,0.22750494,0.007981951,0.0,0.0,0.0,0.0,0.0,0.0,0.0,0.0,0.0,0.0,0.0026850365,0.0,0.008552395,0.0,0.0,0.0,0.0,0.0013189972,0.0,0.0,0.0,0.0029150404,0.0042657657,0.0,0.0,0.0,0.0,0.0,0.0,0.0,0.0,0.0,0.0,0.0,0.0,0.0,0.0,0.02806736,0.0,0.0,0.0,0.0,0.0,0.0,0.0,0.0,0.0,0.0,0.0,0.0,0.01743449,0.0,0.0,0.022545265,0.0,0.0,0.00032338803,0.00079539843,0.0,0.0,0.03849983,0.0,0.0,0.0,0.0,0.0,0.0,0.0,0.0,0.009141383,0.0,0.0,0.0,0.0,0.0,0.032736577,0.0,0.0,0.0,0.0,9.986819e-05,0.0,0.022409644,0.0,0.060077053,0.0,0.0,0.0,0.013198137,0.0,0.0,0.0,0.0,0.0039835414,0.0,0.0,0.39723626,0.0,0.0,0.0,0.0,0.0,0.0,0.0,0.088666186,0.0,0.0,0.0,0.0,0.030546658,0.0,0.0,0.0,0.0,8.899338e-06,0.0,0.0,0.0,0.0,0.0,0.0,0.0,0.0,0.0,0.0,0.0,0.0,0.0,0.0,0.1439088,0.0,0.0,0.0139663145,0.0,0.0,0.0,0.09711265,0.0,0.0,0.0,0.0,0.0,0.0,0.15688324,0.0,0.0,0.0,0.0,0.0,0.0,0.0,0.0,0.0,0.011077601,0.0,0.0,0.0,0.0,0.0,0.0028989485,0.0,0.0,0.0,0.0,0.0,0.0,0.0,0.0,0.0,0.004973263,0.0,0.0,0.0,0.0,0.0051423516,0.0,0.0,0.0,0.0,0.012956732,0.0,0.0,0.0026694657,0.0,0.1344724,0.0,0.0,0.0,0.0,0.0,0.0,0.00781245,0.0056891004,0.0,0.0,0.0,0.0,0.0,0.0,0.0,0.0,0.35415813,0.0,0.0018863623,0.0,0.001985742,0.0,0.03425198,0.0,0.0,0.0,0.091258086,0.0,0.0,0.0,0.0,0.0,0.0,0.0,0.0,0.0,0.0,0.0,0.0,0.013021918,0.0989159,0.0,0.0,0.004313004,0.0,0.0,0.04558971,0.0,0.0,0.0,0.0,0.0,0.0,0.0006421701,0.0,0.0,0.0,0.0,0.0,0.0,0.0,0.24777545,0.0,0.0,0.0,0.05953048,0.012645982,0.0,0.0010589574,0.0,0.4474782,0.036473326,0.0,0.0,0.0,0.016544761,0.0,0.4128682,0.0,0.0,7.518943e-05,0.00092940306,0.0,0.0,0.0,0.38293257,0.0,0.0,0.0062858243,0.20660432,0.0,0.01237787,0.0,0.0,0.029588237,0.0,0.0,0.0,0.0070457384,0.0,0.0013049805,0.008341778,0.028274935,0.0,0.0,0.097784206,0.0041717095,0.0,0.0,0.0,0.0,0.0030873795,0.0,0.0,0.0,0.030308025,0.0,0.0,0.0,0.0,0.0,0.039001055,0.08313769,0.0,0.0,0.0,0.0,0.0034659214,0.0,0.0,0.0023035845,0.0,0.023217145,3.282513e-06,0.0,0.010426095,0.0,0.0,0.0,0.0,0.0,0.0,0.0,0.0,0.006915095,0.0,0.0,0.0,0.04920565,0.1265002,0.0,0.0,0.013689452,0.0,0.0050307927,0.015810536,0.30131578,0.13370846,0.0,0.0059868996,0.0,0.0,0.0,0.0012579904,0.047291532,0.012968967,0.0,0.0,0.007123824,0.0,0.0,0.0,0.0,0.0,0.0,0.0,0.0020247651,0.0,0.0,0.0,0.008890191,0.0,0.1278052,0.003151333,0.0,0.0,0.0,0.049357846,0.041322872,0.0017526782,0.0027977289,0.0,0.0,0.02401351,0.0068542957,0.0,0.0,0.0,0.0,0.0,0.0,0.0,0.006007068,0.007679431,0.0047917203,0.0,0.010896306,0.0,0.0,0.0,0.0,0.002671777,0.024296824,0.0,0.0075720293,0.0,0.0,0.0,0.0,0.0,0.0,0.0,0.0,0.0,0.0,0.0,0.0,0.0068285917,0.0,0.0030216002,0.0,0.0,0.025368,0.004613958,0.3625112,0.0,0.0,0.0,0.18549573,0.331521,0.0,0.0,0.021513281,0.078780815,0.0151050165,0.0,0.0041001253,0.0,0.122603156,0.0,0.0,0.0,0.0,0.0,0.0,0.0,0.0,0.0,0.0034492027,0.0,0.00077248836,0.21275762,0.0,0.0,0.33694085,0.5472805,0.0,0.003733518,0.0,0.0,0.0031890091,0.0,0.0,0.013021598,0.051790677,0.0,0.0,0.0,0.0,0.0,0.0,0.0,0.0,0.0011500978,0.0,0.0056502456,0.0,0.0,0.0,0.0043725334,0.0015847962,0.0,0.0,0.0,0.05603039,0.0,0.0064394884,0.0,0.03663212,0.0,0.0,0.08607749,0.00967267,0.0013899669,0.0,0.0010233874,0.0,0.0,0.0,0.0,0.0,0.0,0.4155824,0.0,0.0,0.0,0.0,0.0,0.09040171,0.0,0.0077762213,0.0,0.12509908,0.0,0.0,0.0,0.00039648524,0.06300404,0.004156441,0.0,0.00028310626,0.0,0.0,0.0050231703,0.12513274,0.0047485656,0.0,0.007041391,0.19896843,0.0,0.0032272849,0.0,0.0,0.0031813108,0.0,0.0,0.0,0.0,0.0,0.01274677,0.0,0.0,0.0,0.0,0.0,5.7455836e-05,0.0,0.0,0.3090946,0.0,0.0007417336,0.0,0.09693129,0.046745747,0.0,0.0,0.0,0.0,0.0,0.0,0.0,0.0,0.0,0.2802998,0.0,0.11751532,0.0,0.043995507,0.0,0.0,0.0,0.01229657,0.0,0.0,0.0,0.0024833751,0.0,0.0,0.0,0.0,0.021698281,0.0,0.0048211897,0.0,0.0,0.013119225,0.0,0.0221111,0.17195961,0.025584357,0.0,0.0013286028,0.00088879647,0.0,0.0,0.0,0.0,0.0,0.0,0.0052115126,0.09209547,0.0,0.0,0.008784074,0.0,0.0021154967,0.0,0.0,0.0,0.0,0.0031213798,0.017247716,0.007077857,0.0,0.017051186,0.0,0.0,0.008095774,0.227927,0.0,0.0,0.25266278,0.008512056,0.0,0.0,0.0,0.0026553443,0.003922627,0.0,0.0,0.0,0.0,0.0,0.0,0.0011798192,0.008119273,0.0,0.0,0.0,0.0,0.0,0.0,0.075370625,0.021842664,0.048330653,0.022720741,0.008420882,0.0,0.027794654,0.0,0.0,0.0,0.0,0.0,0.035827003,0.0015576433,0.0,0.023444202,0.0,0.015402743,0.0,0.0,0.0028405823,0.4588168,0.005418782,0.0,0.0,0.052811764,0.0,0.010131303,0.47262117,0.0,0.0,0.0,0.0,0.0,0.02446044,0.0,0.0,0.0,0.0,0.0,0.0,0.0,0.0,0.009265416,0.0,0.0,0.0,0.0,0.0,0.0,0.0,0.0,0.0,0.007520336,0.0,0.0,0.078584485,0.0,0.0,0.0,0.0,0.0,0.0,0.003945696,0.0,0.0031519267,0.10105304,0.0029605238,0.0,0.0,0.0,0.0,0.0,0.0035216785,0.0,0.0036068785,0.0,0.0745789,0.0054005506,0.0,0.0,0.0,0.0,0.15128583,0.0,0.0,0.18098499,0.00084715354,0.0,0.0,0.0020467334,0.01058695,0.0,0.0,0.0,0.008312235,0.014137283,0.0,0.025470395,0.0,0.0,0.1349538,0.0,0.0,0.0,0.0,0.0,0.0,0.0008957976,0.0,0.0,0.006030124,0.0,0.028408878,0.020952445,0.0,0.0,0.010636373,0.0,0.12113336,0.057725333,0.018384809,0.0,0.0020329647,0.0,0.0,0.0,0.0,0.022797309,0.0,0.0,0.0,0.0,0.0017133002,0.0,0.0,0.0,0.011270897,0.0014335325,0.014001555,0.0,0.076369055,0.0,0.0,0.0,0.0,0.0,0.07201501,0.0,0.0,0.0,0.0,0.0,0.0,0.0,0.0,0.0,0.05368914,0.0027310837,0.0,0.0,0.005499043,0.0,0.0,0.0,0.0,0.014377979,0.0,0.0,0.004957866,0.0,0.0,0.0,0.0039735013,0.0,0.0,0.013677566,0.0,0.0035643664,0.0,0.0,0.0376262,0.0077016894,0.0,0.18451183,0.0,0.0050104684,0.003066614,0.0,0.07653109,0.0,0.0,0.0,0.0,0.0,0.025384499,0.0,0.024286741,0.0,0.0036798716,0.0,0.0,0.0,0.0,0.015990127,0.0,0.0,0.008939812,0.0,0.000946551,0.0,0.47353086,0.0,0.37071446,0.0,0.0,0.0,0.0,0.16233008,0.0032582101,0.010569708,0.0,0.0015217845,0.21650931,0.0,0.0,0.07763773,0.0,0.0,0.0,0.0,0.013558522,0.21602795,0.0,0.021097023,0.0,0.0,0.24832937,0.0,0.0,0.0,0.0022099183,0.0,0.0,0.0,0.0027272652,0.0,0.0,0.0003026,0.0,0.0,0.05359453,0.0,0.0,0.07961208,0.0,0.0,0.0,0.0,0.0,0.0,0.017877959,0.0,0.0,0.0,0.0,0.007674728,0.0,0.0,0.0,0.0,0.0,0.0,0.0,0.010699165,0.0,0.0008239187,0.0,0.047711883,0.0007843643,0.007533725,0.1571981,0.008475386,0.00035923233,0.0,0.0,0.0,0.0052295174,0.015103686,0.0,0.0,0.11583564,0.0,0.017147003,0.0,0.06277649,0.0,0.0,0.0,0.00068673067,0.0,0.049392466,0.0,0.0,0.0002064121,0.0040926323,0.0,0.0,0.0,0.0,0.0,0.0026566118,0.0,0.0,0.0,0.005461522,0.0,0.0,0.0,0.0,0.029327612,0.0,0.0,0.0026136143,0.0,0.0,0.0,0.027473148,0.0,0.0,0.0,0.0,0.0,0.002603219,0.0009859874,0.0,0.0062237782,0.062967435,0.0,0.19308473,0.0,0.0,0.0,0.0,0.0022450516,0.0,0.0,0.0,0.0,0.05414053,0.0,0.0,0.0,0.0,0.0,0.0,0.0,0.0,0.0,0.0,0.0,0.0,0.0,0.0,0.0,0.0,0.0,0.0,0.08860928,0.0,0.011673538,0.0,0.0,0.0,0.0,0.0,0.0,0.0,0.0,0.00028342527,0.0,0.0025068303,0.0,0.0,0.0,0.0,0.0077199494,0.12647185,0.0,0.08355746,0.0,0.0,0.0,0.10411567,0.16765344,0.0,0.018396502,0.0,0.0,0.00020964292,0.037956797,0.026330218,0.0,0.0016990755,0.028716257,0.010234813,0.0051518143,0.00063678133,0.0,0.0,0.0,0.0,0.0024376598,0.0,0.0,0.0,0.0,0.0,0.0,0.0,0.0001155766,0.0,0.0,0.0022403998,0.0,0.0,0.0,0.0,0.0,0.0,0.0,0.001987913,0.0,0.0052799936,0.0,0.030660193,0.0,0.0,0.0,0.0,0.0,0.0,0.0,0.0,0.0,0.0,0.0,0.0,0.0009811447,0.0,0.028948301,0.0,0.0,0.0,0.0,0.0024234871,0.0,0.024389172,0.04014842,0.0,0.0,0.0,0.0021714387,0.032511033,0.0,0.0,0.0,0.0,0.0,0.0,0.059553117,0.0,0.0012545707,0.0,0.0,0.0,0.0,0.0,0.0,0.0008954281,0.0,0.0,0.0,0.0,0.16902822,0.0064320345,0.0,0.0,0.0,0.0,0.0019499088,0.0,0.0027763115,0.0,0.0,0.0,0.019009195,0.0,0.0,0.0,0.0,0.23771691,0.0,0.03662707,0.0,0.009023544,0.0,0.0,0.0,0.0,0.0,0.011318903,0.0,0.0014948699,0.0,0.0,0.00079541793,0.0,0.0,0.27431968,0.0,0.0,0.0,0.0,0.0,0.6085026,0.0,0.0,0.0,0.0,0.0,0.01310538,0.0,0.0,0.0034224987,0.0,0.13107975,0.0,0.0,0.0031044653,0.014642314,0.0,0.0,0.0,0.0,0.0,0.006785918,0.051858317,0.017377544,0.0,0.0,0.006797479,0.02584389,0.0,0.0,0.0,0.0,0.0,0.0,0.0,0.031215265,0.0,0.0,0.0,0.0,0.0,0.0,0.0,0.054586224,0.0,0.0,0.0,0.0,0.0,0.14263442,0.01238118,0.08582804,0.0,0.0,0.0,0.0,0.0,0.0,0.0,0.012365285,0.024174087,0.023708444,0.0,0.0,0.0,0.0,0.0,0.0,0.0,0.0,0.0,0.0,0.0,0.0,0.0,0.0,0.0,0.010886331,0.0,0.0,0.0,0.0,0.0,0.0,0.0,0.0,0.0,0.0,0.0,0.0,0.0,0.0,0.0,0.0021933136,0.0,0.0,0.0,0.0,0.0,0.0,0.2134588,0.0,0.0,0.002171435,0.0,0.0,0.0,0.0052005784,0.0,0.25906986,0.0,0.0,0.01397157,0.0,0.0,0.0,0.003202467,0.0,0.0,0.0,0.0,0.0,0.0,0.018834012,0.0,0.006815121,0.0,0.0,0.0004189039,0.0,0.0,0.0,0.0,0.0018200838,0.0,0.0,0.040705938,0.0,0.0035812221,0.0,0.0,0.0,0.0,0.0032688044,0.0,0.0,0.085896745,0.0,0.0,0.0,0.1051327,0.0,0.0,0.011206292,0.0,0.0,0.0,0.03790468,0.0,0.006121459,0.04576751,0.0,0.0,0.0,0.0,0.0,0.0,0.044270366,0.00060479617,0.0,0.004408383,0.0,0.0,0.0,0.0,0.0,0.0012765393,0.0,0.0,0.09620885,0.0,0.0,0.0,0.0,0.0,0.0,0.0,0.0,0.0,0.009549416,0.0,0.0013866985,0.0,0.006258693,0.0,0.4655282,0.04631933,0.0,0.0,0.0,0.0019701538,0.0,0.0,0.0,0.0,0.0,0.0,0.0062356647,0.03559046,0.0,0.0013361062,0.0,4.8703077e-05,0.0,0.0,0.0,0.0,0.0,0.17844091,0.0008799823,0.002731693,0.0,0.0037569993,0.0,0.0,0.0,0.0,0.0,0.028905775,0.0,0.00399101,0.009096353,0.0051936763,0.0,0.0,0.0,0.0,0.0,0.0,0.014558052,0.008790575,0.12289183,0.0,0.0,0.0,0.0051561836,0.034550924,0.0,0.0,0.0014686475,0.0,0.0,0.0,0.025740629,0.0,0.0,0.0,0.0006312643,0.0,0.0,0.0,0.0,0.0,0.0,0.0,0.00054286694,0.0,0.025139442,0.0,0.0,0.0,0.0059652543,0.13375388,0.0,0.0,0.0,0.0,0.0,0.0,0.0,0.0032379008,0.0,0.0,0.0011825173,0.0,0.0,0.03383238,0.031189164,0.060165618,0.0,0.0,0.0,0.0,0.0,0.0027368434,0.0,0.0,0.004570248,0.0051946677,0.0010005309,0.0,0.04460379,0.04520578,0.0,0.0,0.0,0.0,0.0,0.0011588354,0.01106476,0.0,0.0013269931,0.0,0.0,0.0,0.015817216,0.0,0.0,0.0,0.0017795751,0.0,0.0,0.00029127937,0.00044076663,0.0,0.0,0.0,0.0,0.03895077,0.0,0.0,0.0,0.0,0.0,0.0,0.0,0.0,0.0,0.0,0.0,0.0,0.00072633004,0.0,0.0,0.0,0.0021754953,0.0,0.0,0.0,0.0,0.0,0.003948913,0.0,0.0,0.01483746,0.0,0.0,0.0,0.0110073965,0.0,0.0,0.0,0.0,0.024567604,0.0,0.00058614113,0.0,0.0037275772,0.016904451,0.19952646,0.0028641683,0.0,0.0,0.0017658581,0.0,0.0,0.0044991835,0.0,0.0,0.0,0.0,0.0039079036,0.0,0.0,0.10053516,0.037466984,0.002222824,0.012457318,0.0,0.0,0.0,0.0,0.0,0.0,0.0,0.0,0.0,0.0,0.0,0.0,0.0,0.008317771,0.0,0.0,0.0045652436,0.0,0.0,0.0,0.0,0.0,0.0,0.0,0.054327317,0.04268061,0.0,0.046824586,0.0,0.0,0.0,0.0,0.0,0.0,0.0,0.0,0.0,0.0,0.0,0.0,0.0,0.0,0.0,0.010595762,0.0,0.0,0.0,0.017539093,0.0,0.0,0.0,0.0031629966,0.05754574,0.030606514,0.10647822,0.0,0.029507691,0.0,0.0,0.0,0.0,0.47017935,0.0,0.017993068,0.0,0.0,0.008165293,0.0,0.0,0.0,0.0,0.0,0.0,0.00032725383,0.019124284,0.0,0.03319699,0.0,0.05726079,0.0,0.0019232825,0.0,0.0,0.0,0.005433647,2.0233952e-05,0.0,0.0,0.0,0.0,0.035406277,0.06347473,0.0,0.0,0.0,0.00070488453,0.0,0.0,0.0,0.0,0.0,0.0,0.3624752,0.053476717,0.18196477,0.0,0.0,0.0,0.0,0.0,0.0,0.0019530422,0.0007241049,0.02122989,0.0,0.0,0.0,0.0,0.0,0.0,0.0,0.006115366,0.0,0.0,0.054569926,0.0,0.0,0.0,0.16097875,0.0,0.0,0.0013255866,0.0,0.0,0.0,0.0,0.48229927,0.0,0.0,0.0,0.0,0.0,0.03795242,0.0,0.0,0.00084676547,0.0,0.4936778,0.0,0.10359217,0.21199907,0.00035705706,0.0,0.0,0.0,0.014136071,0.0,0.0,0.0,0.0,0.0,0.0,0.014164564,0.0145975435,0.0030023712,0.0,0.010271675,0.0,0.19199257,0.0,0.0,0.013896953,0.0,0.0,0.0,0.0,0.0,0.0,0.0017526855,0.01482964,0.03100008,0.0,0.0,0.0,0.0,0.0,0.0,0.0025846763,0.0,0.0,0.0,0.0,0.0,0.011927843,0.0,0.0,0.0,0.0,0.0,0.0,0.0,0.011818662,0.0,0.0,0.0,0.018648908,0.0,0.0072952327,0.00083452585,0.0,0.0,0.0,0.0018231723,0.0,0.0,0.008288412,4.8105812e-05,0.0,0.004569275,0.059185155,0.0,0.0,0.0,0.0,0.0,0.0,0.0,0.0,0.109558806,0.0,0.0,0.0,0.0,0.0,0.0,0.0,0.0,0.0,0.0,0.0,0.0,0.0,0.0,0.0,0.0,0.0,0.0,0.0,0.0,0.0,0.0,0.084391646,0.0,0.0,0.0,0.0,0.0,0.02568666,0.0,0.0,0.0,0.0,0.0,0.044694006,0.0,0.0,0.0,0.0,0.0012961513,0.0,0.0,0.0,0.0,0.0,0.048975483,0.0,0.0,0.0,0.0,0.0,0.02379997,0.0,0.008249622,0.0,0.07556899,0.0,0.0034889493,0.0,0.0,0.0,0.0,0.0029573732,0.0,0.0043701106,0.0,0.0,0.008730061,0.0,0.0014012322,0.0,0.0,0.0,0.0030946403,0.0,0.0,0.0,0.0,0.0,0.0,0.0,0.0,0.0,0.0,0.0055257035,0.0,0.0,0.059818655,0.008089013,0.06467238,0.0,0.016952183,0.0,0.0,0.0,0.0,0.0,0.0,0.0,0.10377554,0.0,0.50721693,0.0,0.25839567,0.0,0.00093057205,0.0,0.00097043783,0.0,0.0,0.0,0.013784058,0.0,0.03826481,0.0,0.0,0.0,0.0,0.0,0.0,0.039680842,0.15606649,0.0,0.022013221,0.0,0.0,0.0,0.08016765,0.0,0.0018734104,0.020983806,0.0,0.0,0.0,0.0,0.0,0.1677433,0.0,0.0,0.0,0.0,0.0,0.0,0.01953524,0.0,0.007889747,0.0,0.0,0.008731948,0.047401734,0.0,0.0,0.0,0.0,0.0,0.0,0.0,0.0,0.053546816,0.04124222,0.006405779,0.0033097395,0.07315897,0.0,0.0,0.0,0.0,0.0,0.0,0.0,0.0045527485,0.0,0.0,0.0,0.0,0.0,0.0,0.0,0.0,0.016404899,0.0,0.0,0.0,0.038124986,0.0,0.0,0.020943223,0.0,0.0,0.001194701,0.0,0.0,0.0,0.0,0.0,0.0023789813,0.0,0.13685891,0.0,0.0063371644,0.0,0.0,0.0,0.070992164,0.0,0.0,0.0,0.0,0.0,0.0,0.0,0.0065994933,0.0,0.0,0.00020245144,0.002453792,0.0,0.0,0.0010207794,0.09123008,0.0,0.0,0.0012094646,0.074896544,0.0,0.0,0.0005052661,0.0,0.0,0.0,0.0,0.0,0.0,0.0,0.019791054,0.0,0.0,0.0031780126,0.0,0.0,0.019027792,0.0001492041,0.001246248,0.0,0.0,0.0,0.05928873,0.631893,0.0,0.0,0.0,0.0,0.0,0.0,0.0,0.0,0.0,0.0,0.0,0.006766923,0.0,0.0,0.0,0.00081630383,0.0,0.0,0.0,0.0,0.07716609,0.0,0.0,0.0,0.11834104,0.114945665,0.0,0.0,0.006596648,0.0,0.0,0.009447987,0.27211124,0.0,0.0003174203,0.0,0.0,0.0,0.0,0.0,0.0,0.04284705,0.0,0.0,0.0,0.0,0.0,0.00096015236,0.0,0.019586023,0.26152614,0.0011047168,0.0,0.028054755,0.0,0.0,0.023898888,0.0,0.024157112,0.0,0.0024351124,0.033734374,0.0,0.0,2.7384076e-05,0.011532692,0.016772011,0.0,0.0,0.024595913,0.00684137,0.0,0.0010105092,0.0,0.0,0.0002229749,0.0,0.0010416217,0.0,0.0,0.0,0.0,0.0,0.0,0.036143012,0.0,0.0,0.0,0.0,0.0027135052,0.0,0.0004688988,0.25622445,0.0063296384,0.0,0.0,0.0010947663,0.0,0.0,0.00023997073,0.03983937,0.0,0.0024446272,0.0,0.03788897,0.0,0.0,0.0,0.0,0.0,0.0,0.0,0.0,0.0,0.0,0.007737246,0.0,0.0,0.00016781992,0.19064516,0.0,0.018351307,0.03677376,0.0,0.06771327,0.0,0.0,0.0,0.0,0.0,0.0,0.0,0.0018601515,0.0,0.0,0.28874114,0.044047274,0.0,0.0,0.0,0.0,0.0005534863,0.0,0.0073537244,0.0027356974,0.018846227,0.0,0.0,0.0,0.0,0.0,0.0,0.0001919379,0.0,0.074448474,0.0,0.0,0.0,0.0,0.047180083,0.0,0.0,0.0,0.0,0.0,0.0,0.011752131,0.0,0.0,0.0,0.0,0.0,0.0,0.0,0.0,0.0055618254,0.0,0.0,0.0,0.0,0.0,0.0,0.0,0.0,0.0024000905,0.0,0.0,0.030396359,0.0,0.097989105,0.015692336,0.0,0.0,0.0,0.0,0.0,0.0020886404,0.0,0.0,0.012895178,0.0,0.0,0.00068505993,0.0,0.0,0.0,0.0,0.0,0.0,0.0,0.0,0.0,0.0,0.011897406,0.0,0.0,0.0,0.0,0.029973818,0.0,0.0,0.0,0.0,0.0,0.013202861,0.0,0.015072489,0.0,0.026389327,0.027811473,0.0,0.0,0.0,0.0008728559,0.0,0.0,0.0,0.0,0.0,0.0035931845,0.00917296,0.027996365,0.14155075,0.0,0.0,0.00021728265,0.0,0.03178179,2.3421127e-05,0.0,0.0,0.0,0.00065367564,0.0,0.0006678275,0.0,0.0,0.017968206,0.0,0.0,0.0039376384,0.013770373,0.0,0.0,0.0,0.0044584954,0.013367767,0.0,0.0014498404,0.0,0.12303736,0.0052806134,0.0,0.0,0.057122104,0.0,0.15542035,0.0,0.0,0.08188492,0.0,0.0,0.04476126,0.030734597,0.0,0.0,0.0,0.0,0.0,0.0,0.0,0.05930021,0.0,0.0,0.0051443167,0.023773646,0.0,0.0,0.00087922445,0.008196915,0.0,0.059514932,0.0,0.09285967,0.0,0.0004682699,0.0,0.0,0.0,0.009170014,0.0,0.0,0.0,0.033398554,0.0,0.0,0.0,0.0,0.0,0.0,0.0,0.0,0.0,0.0,0.0,0.0,0.0,0.0,0.0,6.8119596e-07,0.0,0.0,0.0,0.010757787,0.0,0.0,0.0,0.0,0.0,6.8676716e-05,0.07604423,0.0,0.0,0.0,0.0,0.0,0.0,0.0,0.0,0.0,0.0,0.0,0.27240598,0.0,0.0061509465,0.0,0.0,0.0,0.0,0.0023030115,0.036690563,0.004332265,0.0,0.0,0.0,0.022024773,0.0,0.0,0.020001136,0.000699379,0.0,0.0,0.016663304,0.0,0.0,0.0,0.025924489,0.0,0.0,0.0,0.0,0.022383334,0.01514781,0.0,0.0,0.0,0.0,0.0,0.0,0.0,0.0,0.0056775967,0.0,0.0,0.0,0.0,0.026567118,0.0059173577,0.0027823648,0.0,0.01922575,0.0,0.004045258,0.0029536278,0.0,0.0,0.0,0.043994088,0.009870383,0.0,0.0,0.0,0.0,0.0,0.05248346,0.0,0.0005330336,0.0,0.028534133,0.0,0.02295773,0.008022099,0.015791105,0.0,0.0,0.24025275,0.0,0.0,0.0,0.0025133844,0.0,0.012977259,0.10280987,0.00035349996,0.0,0.0,0.0,0.0,0.0,0.0,0.011271993,0.0,0.08116069,0.0042612976,0.0,0.0,0.0,0.0,0.00067523064,0.0,0.10123787,0.0,0.0,0.0,0.00834953,0.0,0.03619545,0.0,0.0,0.0,0.085054025,0.0,0.0033311772,0.0,0.0,0.0,0.0012112965,0.0,0.0,0.0,0.0,0.0,0.0,0.0,0.0,0.0,0.0,0.0,0.0,0.012250991,0.045506313,0.007640052,0.0055319946,0.0018058602,0.0,0.0,0.0,0.0,0.0,0.0,0.14000204,0.0,0.023366228,0.0,0.0028377601,0.0,0.0,0.0,0.0,0.0,0.0,0.046153318,0.0,0.0,0.0011121351,0.0,0.0,0.0,0.044041056,0.0,0.0,0.0,0.0,0.0,0.0,0.06328173,0.0,0.0,0.007602761,0.0,0.020160748,0.0,0.0,0.0,0.0,0.0,0.112472214,0.0,0.015956536,0.0,0.0,0.0,0.0,0.014154461,0.3270076,0.0,0.0,0.05633969,0.12693454,0.0,0.0,0.0,0.0,0.0,0.0,0.11011661,0.014411895,0.0,0.0,0.0,0.0018200486,0.0,0.0,0.008904469,0.0,0.0,0.0,0.0,0.0,0.0,0.0,0.0,0.0,0.028354952,0.037244324,0.0,0.012724384,0.0034741077,0.006290954,0.025939012,0.1995473,0.0,0.0,0.0009096198,0.0,0.0,0.0,0.0,0.0,0.0,0.017013935,0.0,0.0,0.23626456,0.0,0.026010713,0.0062914747,0.0,0.0,0.0,0.0009890889,0.011644157,0.0,0.0,0.0,0.0,0.0,0.0,0.0,0.0,0.0,0.0,0.0,0.030518733,0.060913153,0.016620737,0.0,0.0,0.0,0.0,0.0,0.11994822,0.21017015,0.0,0.0,0.0,0.0,0.0,0.0010744577,0.0,0.008147261,0.0,0.0,0.0,0.0,0.0010590738,0.0,0.0,0.0,0.0,0.0010005028,0.0,0.0,0.0,0.0,0.0,0.0,0.0,0.0,0.10231769,0.0,0.020637862,0.0,0.58073956,0.0,0.026150329,0.047697317,0.0,0.0,0.0,0.0,0.0016058781,0.0,0.40559697,0.0,0.06900256,0.0,0.0,0.0,0.06855008,0.0,0.0,0.0,0.0,0.0,0.009751163,0.0,0.0,0.0,0.0,0.0,0.0018784538,0.0,0.060085997,0.005992289,0.0,0.0,0.0,0.0,0.0,0.0,0.016609278,0.0,0.00016434095,0.0,0.0,0.0,0.0,0.0,0.0,0.0,0.0,0.016457358,0.0,0.0,0.0,0.0,0.0,0.0,0.0,0.0,0.0,0.0,0.0,0.026067574,0.0,0.0,0.0,0.006720717,0.0,0.0009882608,0.0,0.0,0.0,0.0020718623,0.0,0.0,0.0061417893,0.0,0.08808819,0.0031658846,0.0,0.0,0.0,0.0,0.026397718,0.0,0.0,0.0075341198,0.0006184858,0.0,0.0,0.0,0.0,0.0,0.0,0.0,0.0,0.0,0.0,0.0,0.0,0.0,0.0,0.0,0.0008075444,0.001456212,0.0,0.0044907606,0.0,0.0,0.015980376,0.0,0.065303236,0.0,0.0,0.0,0.0,0.0,0.03088703,0.0,0.0,0.0,0.0022734944,0.0,0.032354016,0.0,0.0,0.0,0.0,0.007200084,0.0,0.11190742,0.0,0.0,0.0,0.0,0.0,0.0,0.0,0.010179159,0.0,0.0,0.0007518408,0.0,0.0,0.005373586,0.0,0.012811089,0.0,0.0,0.0,0.0,0.0,0.0,0.0,0.0,0.0,0.011457328,0.015489146,0.0,0.0,0.07320921,0.010045559,0.07892263,0.0,0.0010892624,0.0,0.007833318,0.0,0.0,0.0,0.0,0.0,0.0,0.0,0.078937694,0.0,0.0,0.00056222506,0.0,0.0,0.0018661217,0.0,0.0,0.0,0.0,0.0,0.0,0.0,0.016749272,0.0007873579,9.690316e-05,0.0,0.0,0.011104599,0.0,0.0,0.0,0.0010310566,0.0,0.0,0.0006295139,0.0,0.0,0.0,0.020123314,0.0,0.0,0.02143638,0.0012391903,0.0,0.0,0.0,0.18573737,0.0,0.0,0.0032631159,0.000105811625,0.0,0.259138,0.011247246,0.016501099,0.0,0.0,0.019149337,0.0,0.0,0.0,0.0,0.0,0.0,0.0,0.030431181,0.0,0.0,0.007501989,0.004085857,0.0,0.0,0.0,0.10756589,0.0,0.0,0.0,0.0,0.0,0.0,0.12822412,0.0,0.0,0.0,0.0,0.0,0.005403385,0.0,0.0,0.0,0.0,0.0,0.0,0.0,0.0,0.0,0.0,0.0,0.0,0.0,0.04843856,0.0,0.0,0.0,0.0,0.0,0.036125448,0.0,0.0,0.0,0.0,0.015619536,0.047629375,0.020606082,0.0,0.0,0.0,0.0,0.0094703045,0.009358458,0.0,0.0,0.0,0.0,0.0,0.03319723,0.0827967,0.0050607626,0.0,0.0,0.002344897,0.0,0.008769914,0.0,0.0,0.031720072,0.0,0.04595562,0.039918046,0.0,0.0,0.0,0.0,0.0056770626,0.0,0.046160974,0.06009007,0.00030820727,0.013540676,0.0,0.009727303,0.0,0.0,0.0,0.0,0.0,0.024544045,0.0,0.03120901,0.053448673,0.08279006,0.0,0.0,0.0,0.0097001465,0.0,0.0,0.0,0.0,0.0,0.0,0.25525498,0.0,0.0,0.0,0.0,0.0,0.0,0.026774945,0.00048130873,0.030746296,0.0,0.0,0.0,0.0020184019,0.010143985,0.0029322105,0.0,0.01040393,0.0,0.014374244,0.03373112,0.0,0.0,0.0,0.09307604,0.0,0.0,0.0,0.0011588895,0.009216912,0.0,0.0,0.0,0.0,0.0,0.0,0.0,0.0,0.014350764,0.20238958,0.0,0.0,0.0,0.0,0.018134471,0.0,0.005382516,0.0,0.0,0.0191837,0.0,0.0,0.06227071,0.0,0.0629776,0.001407088,0.0,0.0,0.089521796,0.17625909,0.0,0.0,0.0,0.005683231,0.21250317,0.0047736373,0.0,0.0,0.0,0.0,0.0,0.0,0.0,0.0,0.0,0.0,0.043804023,0.0,0.0,0.0,0.0,0.0,0.0,0.04664121,0.0,0.0,0.0075674537,0.22592258,0.14626256,0.0,0.0,0.007998709,0.002289894,0.0,0.044797838,0.0,0.0,0.019181257,0.0,0.0,0.0,0.0021880597,0.0,0.0,0.001966671,0.0,0.0,0.0010611524,0.0,0.0,0.010910818,0.022964988,0.0,0.0,0.2722747,0.0,0.0,0.0,0.0,0.0746235,0.0,0.0,0.0,0.0,0.06581515,0.01225568,0.49114734,0.024475453,0.0,0.0,0.0,0.0,0.0018283299,0.0,0.01916146,0.0,0.0066485233,0.0,0.043045547,0.023086611,0.0,0.009301316,0.0,0.2424502,0.022239694,0.0,0.03329319,0.032752953,0.0,0.00031840193,0.0,0.0,0.0,0.013786957,0.014865967,0.0,0.21543472,0.0,0.0,0.0,0.029366186,0.01138711,0.17440815,0.0,0.0,0.0,0.0,0.18014567,0.0,0.0,0.0007397496,0.0030525522,0.013037141,0.023654874,0.0077983253,0.0025470124,0.028896498,0.0,0.0,0.0,0.0,0.0,0.0,0.0,0.0,0.0,0.3003895,0.0013655777,0.0,0.0058933916,0.0,0.021362446,0.0,0.0,0.0045961225,0.008945234,0.0,0.00032325787,0.0,0.0,0.0,0.0,0.0,0.0,0.0,0.0,0.0,0.00759822,0.0020840692,5.4018838e-05,0.0,0.0,0.0,0.0,0.0026068857,0.0022615956,0.016752573,0.017214766,0.0,0.0,0.0,0.0,0.05445685,0.02983498,0.0,0.0,0.0,0.0,0.0,0.0,0.0,0.0,0.0,0.0,0.0,0.0,0.0,0.0,0.027076624,0.0,0.0,0.0,0.0,0.0,0.0,0.0,0.0009375458,0.0,0.0,0.022735432,0.0,0.0,0.0,0.0,0.045083463,0.0017498026,0.031284094,0.0,0.01311891,0.0,0.06507672,0.015230434,0.0,0.015380387,0.008046238,0.2877285,0.0,0.092403285,0.3393485,0.0,0.0,0.0,0.12974729,0.0020535965,0.0,0.0,0.00065827125,0.0,0.0,0.00042278427,0.0,0.00055497396,0.0846692,0.0,0.0,0.0,0.05407826,0.0057042423,0.0,0.0042805634,0.0,0.0,0.041661408,0.0,0.0,0.0,0.0,0.0,0.0,0.0055464446,0.0009484346,0.0,0.048661083,0.005310507,0.0,0.0021590965,0.116717555,0.0015248194,0.0,0.0,0.0,0.0,0.0,0.0,0.0,0.0,0.0,0.0,0.0,0.0,0.0,0.0,0.032487154,0.0,0.030536389,0.0,0.0,0.0,0.04103358,0.0,0.00056659686,0.0,0.002669349,0.0,0.008875382,0.0,0.0,0.01914168,0.0,0.002001928,0.0025421698,0.0,0.0,0.12413006,0.0,0.0,0.0,0.0,0.0,0.0,0.0,0.0,0.0,0.0,0.00039695963,0.0,0.0,0.15870589,0.0,0.0,0.0,0.0,0.0,0.008587409,0.0,0.0034716178,0.0,0.0,0.00043599444,0.0170776,0.006088843,0.0,0.0,0.0060084765,0.0,0.0,0.0,0.0,0.0,0.0,0.0,0.0,0.0,0.0,0.0,0.0,0.005810678,0.015742704,0.07323456,0.0,0.0016724915,0.009959462,0.1005682,0.0,0.0,0.0,0.0,0.0,0.0,0.0,0.0,0.0,0.0025956144,0.0,0.0,0.020461211,0.0,0.0,0.0,0.0,0.0,0.0006945632,0.0,0.0,0.0,0.011653633,0.0,0.0,0.070560984,0.0,0.10886078,0.0,0.018995225,0.007630173,0.0,0.0,0.0,0.0,0.021660654,0.0,0.027412113,0.0,0.0,0.0041554645,0.0,0.0,0.0,0.0,0.00050665165,0.00038339023,0.0,0.0,0.0,0.0,0.0,0.0,0.0,0.0,0.0,0.028170204,8.372142e-05,0.048610434,0.0,0.0,0.0,0.0,0.0,0.0,0.0028043706,0.0,0.0019939044,0.0,0.0,0.0,0.0,0.0,0.007542113,0.0,0.0019319727,0.0,0.0,0.0,0.0,0.0,0.0,0.0,0.003176571,0.0,0.0045846626,0.0,0.0,0.0,0.0002631603,0.013993666,0.0,0.0,0.0,0.0,0.0005176505,0.0,0.000939593,0.0,0.0,0.0,0.0,0.0,0.0,0.0,0.0,0.15076075,0.0,0.0,0.0053778444,0.0,0.0,0.0,0.004241299,0.0,0.035983477,0.0,0.017090928,0.0,0.029660342,0.011663568,0.0,0.0,0.0,0.0,0.0,0.0,0.0,0.0,0.0,0.0,0.0,0.03255409,0.0,0.0,0.0,0.0,0.022523472,0.07036441,0.0,0.0,0.0,0.0,0.060753357,0.0,0.0,0.0020476799,0.05498966,0.0,0.0,0.015200055,0.0,0.0,0.0,0.0,0.0,0.008779363,0.0,0.28116482,0.112658404,0.0,0.0,0.0,0.000746772,0.0,0.05453035,0.0351675,0.0,0.0,0.0,9.876125e-06,0.0,0.0,0.0007215945,0.0,0.003984692,0.0,0.0,0.0067724744,0.0,0.0,0.0,0.009561539,0.098146096,0.0,0.06494945,0.0,0.0,0.0071022464,0.021248784,0.0024582513,0.0,0.0,0.0,0.0,0.00678375,0.0,0.023104351,0.0,0.0,0.93307066,0.0,0.0,0.0,0.11165979,0.0,0.0,0.0,0.0,0.0,0.0,0.0,0.0,0.0,0.030724123,0.0,0.0,0.0031326364,0.0048593306,0.0046411753,0.0,0.0,0.0,0.0,0.0,0.0,0.0,0.0,0.029893197,0.005572981,0.0,0.0,0.0037591627,0.0,0.0,0.0,0.0039337687,0.0,0.002899761,0.0,0.0,0.0,0.005181108,0.0,0.0,0.0,0.0,0.0,0.0,0.0,0.004894581,0.0570006,0.0,0.0,0.0,0.077988096,0.0012577419,0.0,0.0,0.005511041,0.0,0.003806024,0.032928072,0.0,0.0,0.0,0.0,0.0118886465,0.23051974,0.0,0.0,0.32697877,0.017731832,0.0,0.0,0.0,0.03726807,0.0,0.0,0.32412872,0.0,0.020899886,0.0,0.0,0.0,0.0,0.0026849776,0.0,0.0,0.0,0.0,0.0,0.0,0.0852388,0.1774355,0.0027850561,0.0,0.0,0.0,0.0,0.0,0.0,0.0,0.0,0.0006296332,0.0,0.0,0.0,0.0028712822,0.0,0.0,0.0047054426,0.0002591549,0.0,0.0,0.0,0.012345211,0.0,0.0008294224,0.20311421,0.0,0.0,0.0,0.0026387705,0.0,0.0,0.019495731,0.0,0.0063965274,0.0,0.0,0.017717695,0.0,0.0,0.04102415,0.011327392,0.0017120376,0.0,0.0,0.002394062,0.0,0.0,0.01256744,0.0045024958,0.0,0.0,0.0013984417,0.0,0.017115058,0.6234281,0.0,0.0,0.0,0.9584084,0.029749574,0.0,0.0,0.0,0.0,0.0,0.0,0.0,0.0,0.0,0.022771766,0.0,0.0033412685,0.013314982,0.0,0.0,0.0,0.005320499,0.0,0.0,0.0,0.056467354,0.0,0.0,0.0,0.0,0.0,0.02473702,0.44293922,0.0,0.0,0.00014902986,0.0069347,0.0,0.028718209,0.010483052,0.0,0.026003744,7.322735e-05,0.0,0.00033692317,0.0,0.0,0.0,0.0,0.038087714,0.0,0.79976684,0.018062102,0.00055045256,0.0,0.0,0.0,0.0,0.0,0.0,0.0,0.0,0.0,0.004862322,0.0,0.0005755911,0.0,0.0,0.0005723652,0.0,0.0,0.019838586,0.0016000337,0.0,0.009245138,0.0,0.0,0.0,0.004834342,0.0,0.007807717,0.15063858,0.0017382466,0.0,0.1905264,0.0,0.0,0.0,0.0,0.0,0.0,0.0,0.0,0.0,0.0,0.0,0.0026530968,0.0,0.0,0.0017338638,0.089573,0.0,0.0,0.0,0.0,0.0014988963,0.0,0.0018056933,0.0,0.0009557027,0.0,0.0,0.0,0.0,0.0,0.0279485,0.0,0.010412486,0.0,0.0,0.0,0.11585569,0.0,0.06355688,0.23557231,0.0,0.14803211,0.0013477042,0.0,0.0,0.0,0.0,0.0,0.0,0.0,0.0,0.0,0.0,0.0,0.0,0.0,0.0,0.08526825,0.0022531908,0.0,0.0,0.0,0.017286904,0.0,0.0070579248,0.0,0.0,0.0006306561,0.0,0.0,0.0024041303,0.0,0.0,0.014725243,0.0,0.059782103,0.002806447,0.018129777,0.0,0.0021716016,0.0,0.0,0.24749008,0.0,0.0,0.0,0.0,0.0,0.0,0.08095073,0.0,0.0,0.0,0.0,0.0,0.0,0.0,0.0,0.0,0.019501198,0.0049113687,0.023936782,0.0,0.01074127,0.0,0.0,0.0,0.0,0.029974494,0.008408319,0.0,0.0,0.0,0.009973625,0.0,0.003621476,0.14238639,0.0,0.0,0.0,0.00031430015,0.0,0.0,0.0035178533,0.0,0.0,0.25729346,0.0,0.0011853564,0.026855547,0.0,0.0,0.2866086,0.039809335,0.057980917,0.0,0.02383744,0.0036660896,0.0,0.0,0.01080197,0.008005889,0.0,0.0,0.0,0.002025227,0.0,0.0,0.0030006159,0.0007473899,0.0,0.0,0.046704195,0.019841464,0.01005179,0.0,0.035865054,0.0,0.0,0.00030636543,0.0,0.0,0.0,0.0,0.0,0.023486394,0.0,0.0,0.0,0.0,0.011354867,0.0,0.0,0.0,0.0031329216,0.0,0.20640515,0.004378775,0.0,0.0025033366,0.0,0.08359018,0.05061312,0.0,0.0,0.0,0.030021455,0.007319027,0.019470515,0.0,0.002627132,0.0,0.008972604,0.0,0.0,0.0,0.009569967,0.0045888377,0.0010548362,0.0028735655,0.0,0.0033711889,0.0,0.0,0.03277653,0.018603865,0.0,0.057185,0.0,0.011961328,0.0,0.0007776922,0.05576742,0.0,0.0,0.0,0.0,0.0,0.0,0.0,0.019752026,0.0,0.0,0.0,0.0,0.0,0.0,0.0,0.025676345,0.0,0.0,0.0,0.07822201,0.0,0.02975091,0.0,0.0,0.0013837109,0.002180637,0.0,0.00012511274,0.0,0.0,0.0038940737,0.0,0.00014507528,0.0,0.0,0.018299686,0.0,0.0,0.2532723,0.0,0.0,0.20997055,0.13020016,0.009128442,0.008725738,0.0,0.022045558,0.0,0.0001183286,0.00037569538,0.0,0.0,0.0,0.0,0.0,0.0,0.0,0.0,0.016433138,0.020956142,0.0,0.02756141,0.0,0.0,0.0,0.0,0.0,0.0,0.0,0.009513292,0.0,0.0,0.0008522759,0.0,0.0005662861,0.0,0.0,0.0,0.0,0.010684793,0.0,0.0,0.14909202,0.0,0.0,0.0,0.0,0.0,0.0,0.0,0.0,0.0,0.0,0.0,0.0,0.0,0.0042922837,0.0,0.0,0.0,0.0,0.0,0.0,0.0,0.0037488816,0.0032322844,0.00095518754,0.00050580624,0.0013835126,0.0,0.0,0.0,0.0,0.0,0.0,0.0,0.0,0.0,0.013475323,0.0,0.0045146164,0.0,0.11694882,0.010621042,0.0,0.0,0.0,0.0,0.0,0.0,0.0,0.0,0.0,0.0,0.0,0.0,0.006583367,0.0,0.039575577,0.0,0.0,0.0,0.0,0.0,0.0,0.0,0.0,0.6143569,0.0,0.0020455334,0.0004043044,0.0,0.0,0.0,0.04493396,0.0,0.0,0.007653976,7.372486e-05,0.0,0.0,0.115189366,0.11328746,0.0,0.00765776,0.01710032,0.0,0.03158633,0.0071136854,0.0,0.0,0.0004361947,0.009283067,0.0,0.7553543,0.0027933242,0.0,0.0,0.0,0.0,0.0040484495,0.0,0.0,0.0,0.02924671,0.005163328,0.049942583,0.0,0.0,0.0,0.027454497,0.002495903,0.03367709,0.0,0.0,0.05698816,0.0,0.00386153,0.0,0.0,0.0,0.0,0.0,0.0,0.0,0.0,0.0,0.0,0.0,0.026063927,0.010396961,0.4179887,0.0,0.0,0.0,0.0,0.0,0.0,0.0,0.0,0.0,0.0,0.0,0.0,0.009927327,0.0,0.0,0.0,0.14975508,0.0,0.0,0.0,0.0,0.0,0.0,0.0006970605,0.0,0.02077073,0.0,0.001363646,0.0,0.0029887436,0.0,0.0,0.0,0.0,0.0,0.0,0.0,0.0,0.042404477,0.0,0.015237861,0.0,0.0,0.025570096,0.032827847,0.0,0.0061973357,0.0,0.0,0.0,0.0,0.0,0.17461103,0.01868508,0.0,0.0,0.0,0.004487586,0.071501866,0.0,0.0,0.0,0.48860332,0.03242156,0.15360153,0.0,0.0,0.04106425,0.0,0.0,0.0,0.0,0.0,0.0,0.0038498978,0.0,0.0014963892,0.0,0.0,0.0,0.0,0.1006882,0.0,0.0,0.006680795,0.0035223546,0.0,0.0052325847,0.0,0.0,0.0,0.0,0.00035177567,0.007944724,0.0,0.0,0.0,0.0,0.0,0.019387681,0.05805032,0.0,0.0,0.0,0.12597422,0.0,0.0,0.0,0.0,0.0,0.0,0.0,0.015303699,0.0,0.0,0.0,0.0,0.0,0.0,0.0,0.0,0.0,0.0,0.0,0.0,0.04487888,0.0016057729,0.097788244,0.0,0.0,0.0,0.0,0.0,0.0,0.0,0.0,0.0,0.001361332,0.07372567,0.0,0.018565757,0.0,0.0,0.0,0.0006315696,0.0,0.0086867325,0.025867112,0.0,0.0,0.0,0.0,0.0,0.0,0.0,0.0,0.0,0.04494053,0.01341323,0.016714856,0.0015433029,0.10975043,0.0,0.0,0.0,4.1984476e-05,0.0010555045,0.0,0.0,0.002629869,0.0,0.0,0.0,0.0,0.0,0.07757625,0.0,0.0,0.0,0.0,0.0,0.0,0.0,0.0,0.0,0.0,0.0,0.0,0.0,0.0,0.0,0.0,0.0,0.0,0.0,0.0,0.0,0.0,0.0,0.0,0.0,0.120425075,0.0068692747,0.0,0.0,0.0081182765,0.0,0.0,0.0,0.0,0.04336751,0.0,0.010676748,0.0,0.0,0.00723577,0.0,0.0,0.0,0.0,0.0,0.0,0.0,0.0,0.0012319076,0.0,0.0,0.0,0.0,0.072492,0.0,0.0,0.0,0.0,0.0,0.0,0.024459617,0.0,0.0,0.0,0.0,0.0,0.0,0.0,0.0,0.0,0.0,0.0,0.0,0.18850163,0.0,0.009189831,0.0,0.005698541,0.0,0.0,0.0,0.02019885,0.0,0.012427114,0.15487468,0.0,0.0,0.040038638,0.0,0.08916374,0.0,0.00887042,0.0,0.019366922,0.0,0.0,0.0,0.0,0.0,0.0,0.0072728144,0.0,0.0,0.0,0.09819246,0.0,0.0,0.0,0.0,0.0,0.0,0.0,0.0,0.0,0.0,0.0,0.0,0.0,0.0,0.0,0.031273812,0.008952282,0.0,0.0,0.0,0.0,0.0,0.0014028914,0.0,0.0,0.0,0.0,0.0,0.037484396,0.0,0.0,0.0,0.0,0.00033000536,0.0,0.0,0.0,0.016842762,0.002131372,0.0,0.0,0.0,0.0,0.0,0.0,0.01086766,0.010421945,0.0,0.0,0.0,0.0,0.0,0.0021745088,0.016525513,0.0,0.0,0.0,0.0,0.0,0.020479212,0.0,0.0,0.041721694,0.0,0.0,0.0,0.0,0.0,0.01135258,0.0,0.0,0.011429024,0.010374124,0.0,0.0,0.00072523893,0.2892783,0.0,0.0,0.0006447787,0.0,0.0,0.0,0.0,0.0,0.0,0.0006985786,0.014064911,0.0,0.002185281,0.0,0.0,0.0,0.0,0.018378248,0.002185943,0.0,0.025199607,0.0,0.0025234588,0.0017166315,0.00019892062,0.59462285,0.15090764,0.0,0.0,0.0,0.020892587,0.0,0.0,0.03059677,0.013240253,0.0,0.004768435,0.0,0.0,0.0,0.0,0.0,0.0,0.008704539,0.0,0.0060791885,0.0,0.0,0.0,0.02364619,0.0,0.0,0.019061305,0.0026745019,0.0,0.0,0.0,0.0,0.0,0.0,0.00017363974,0.0,0.0,0.0,0.0,0.0,0.037535273,0.0,0.0,0.0,0.0,0.0,0.0,0.0,0.0,0.00051679264,0.0,0.0,0.031296838,0.0,0.0,0.041649606,0.0,0.2660727,0.0,0.0,0.013723422,0.0,0.0,0.0035429674,0.0,0.0,0.06265171,0.011416128,0.0,0.0,0.0021689693,0.0,0.0,0.0,0.0,0.010794718,0.07712074,0.0,0.0,0.0,0.0,0.1566433,0.0,0.0,0.042771,0.0,0.0,0.0,0.0004129811,0.0,0.0,0.0,0.0,0.0,0.0,0.0,0.0,0.0,0.0,0.0,0.00066960586,0.0009507335,0.0,0.0,0.0,0.0,0.0010935093,0.0,0.017823284,0.015817648,0.017167626,0.0,0.003159551,0.0,0.0060908403,0.0,0.0028814017,0.0,0.5360236,0.0,0.0,0.015670065,0.0,0.0,0.0,0.023413531,0.0,0.0,0.0076689385,0.0012148704,0.0,0.012880226,0.0,0.0,0.0,0.0,0.0,0.23847565,0.0,0.0,0.0021264467,0.0,0.0,0.0,0.00027617873,0.0,0.0,0.0,0.0,0.21208337,0.0,0.03198663,0.026099522,0.0075520836,0.0,0.0,0.011805551,0.0,0.0,0.0,0.0,0.014443824,0.011499973,0.0,0.0,0.0,0.0,0.0,0.007272966,0.0,0.0,0.0,0.004489237,0.018978888,0.0,0.073709436,0.007582531,0.0,0.012086056,0.0,0.0062030237,0.0,0.002280456,0.36690402,0.0,0.0,0.017409593,0.0,0.0,0.013708082,0.0,0.012540024,0.0,0.038012337,0.0,0.0,0.0,0.0,0.007260899,0.0,0.0,0.0,0.0651373,0.004096449,0.0,0.0,0.0,0.0,0.0534774,0.00063381874,0.0,0.0,0.0,0.0,0.0,0.0,0.000695706,0.0,0.02189207,0.0,0.0,0.0,0.0,0.0,0.0,0.0,0.0,0.0,0.0,0.0,0.015706435,0.0,0.0,0.0029121053,0.053147376,0.016406385,0.0009455681,0.0,0.29657388,0.0,0.0,0.0,0.0,0.2579193,0.0,0.0,0.0026303602,0.038268913,0.0,0.027037453,0.0,0.0,0.0,0.0,0.0051094634,0.0,0.0,0.0,0.0,0.0,0.0,0.054318078,0.0,0.0,0.103874505,0.0,0.012654321,0.0015256405,0.0074102734,0.0,0.0013539791,0.0,0.0,0.013991214,0.09313465,0.005535786,0.0,0.33516562,0.0,0.024600167,0.0,0.0,0.0,0.0,0.0,0.0,0.0,0.0,0.0046159686,0.0,0.02563716,0.022047503,0.0,0.0,0.0,0.0,0.0,0.12821218,0.009186856,0.0,0.0,0.0,0.25475338,0.0,0.0,0.0,0.021703646,0.028120892,0.0,0.0,0.0,0.0014736884,0.0,0.0,0.0,0.0,0.0008577498,0.0,0.0,0.0,0.09331745,0.0,0.0,0.0,0.0,0.0,0.018988257,0.0,0.0,0.008115801,0.0,0.0,0.0,0.0,0.0,0.0,0.028400874,0.0,0.0,0.0,0.019437084,0.0,0.0,0.0,0.0,0.0013679717,0.0,0.0,0.0,0.0,0.0,0.18518767,0.0,0.042490933,0.011428086,0.0,0.0019833476,0.0,0.0,0.014400127,0.0,0.0,0.0,0.0,0.0013798986,0.0324361,0.0,0.0058590737,0.0,0.010376651,0.0,0.0,0.0,0.0,0.0,0.0,0.0,0.0,0.0223096,0.0,0.0,0.010541023,0.013099234,0.0,0.003541017,0.0,0.0004964337,0.0060284478,0.004086705,0.0,0.0,0.0,0.0,0.0,6.0821066e-07,0.0,0.0,0.0,0.0,0.0,0.03214946,0.0,0.0,0.006571388,0.016177401,0.0,0.0,0.0030703715,0.00081172097,0.0,0.0,0.0003093554,0.0,0.0,0.0,0.0,0.03506522,0.029832592,0.0,0.08991759,0.0,0.0,0.0,0.005370741,0.0,0.0,0.0,0.0009343612,0.0,0.0,0.0,0.078865945,0.051849376,0.0,0.0,0.0,0.0,0.0,0.0,0.0,0.0,0.0,0.0,0.0,0.0012249849,0.02525936,0.0,0.0,0.0,0.0,0.08428045,0.0,0.0068600164,0.0,0.0039823055,0.0,0.0,0.0,0.0018256196,0.0,0.0,0.0,0.0,0.0,0.04268664,0.0,0.013454902,0.0,0.0033831717,0.0,0.0,0.029417064,0.0,0.0,0.0,0.0,0.022675445,0.00096269837,0.003767197,0.0,0.0,0.0,0.0,0.0,0.004046438,0.022464532,0.0,0.0,0.0,0.0,0.0010828223,0.0,0.0,0.0,0.0,0.0,0.0,0.0,0.0,0.156301,0.14096785,0.041165918,0.0,0.0,0.0,0.0,0.0,0.013313646,0.0,0.006615364,0.0026665318,0.0051718745,0.0,0.0,0.0,0.0,0.0018065949,0.08118991,0.0,0.0062400713,0.0,0.0,0.0,0.0,0.0023728237,0.0,0.0,0.0,0.00068223965,0.00075965375,0.0,0.0,0.0,0.0,0.0030299071,0.0009820152,0.0,0.0,0.0,0.0,0.0,0.09373726,0.0,0.0,0.0,0.0,0.0022530514,0.0,0.026747854,0.0,0.0023742963,0.0,0.0,0.16310492,0.0,0.050078355,0.0,0.0,0.0,0.0,0.0,0.0,0.01212739,0.0,0.0022541236,0.039500803,0.0015328107,0.0,0.0,0.0,0.0,0.0071913367,0.0,0.0,0.0,0.82221097,0.0,0.0,0.0,5.1763593e-05,0.0,0.00812186,0.0,0.0058368775,0.0,0.0,0.0,0.0,0.0032102733,0.0040853145,0.0,0.0,0.0,0.0,0.0,0.017560018,0.017480575,0.0,0.014997224,0.0,0.0,0.0,0.0,0.0,0.06267372,0.0,0.0,0.0,0.0,0.0,0.007798212,0.0,0.0594858,0.0,0.0,0.0,0.0,0.0,0.0,0.0,0.012460346,0.0,0.000944286,0.0,0.07058532,0.0,0.0,0.014729234,0.0,0.0,0.0,0.0,0.0,0.0,0.0,0.0,0.0,0.0,0.0,0.0,0.0,0.0,0.0,0.0,0.0,0.0,0.01895843,0.0,0.0,0.048116647,0.0,0.0,0.0,0.0,0.0,0.0,0.0,0.004621204,0.0,0.0,0.0,0.062417176,0.0,0.0,0.0,0.0,0.021068295,0.0012490834,0.0,0.0,0.0410509,0.0,0.0,0.0,0.0,0.0,0.0,0.123239,0.005845753,0.010856871,0.007449673,0.0,0.0069189933,0.048520036,0.6807469,0.0,0.0,0.0,0.0,0.0,0.0,0.047271155,0.0,0.0,0.0,0.0,0.0,0.0,0.0041357265,0.003514684,1.2751577,0.0,0.0,0.0,0.0,0.0,0.0982891,0.0,0.0,0.0,0.0,0.0014654294,0.13947275,0.0,0.14561658,0.0,0.022766942,0.0,0.0,0.0,0.05268102,0.046196457,0.029082015,0.0,0.0,0.55670834,0.0,0.0048630093,0.0009234888,0.0,0.0,0.0,0.0,0.0,0.0,0.0,0.20643528,0.0,0.0,0.0,0.0,0.0,0.008008789,0.015739037,0.0,0.0,0.0,0.0,0.0,0.0,0.007984992,0.0,0.0,0.0,0.045764577,0.0,0.0,0.0,0.04081089,0.0,0.0066567003,0.0,0.06063539,0.00011214675,0.0,0.0,0.0,0.0,0.0,0.009269332,0.0,0.0,0.0,0.0,0.0,0.0,0.018312762,0.0,0.0,0.0,0.0,0.0,0.0014484026,0.0,0.0,0.0,0.0005433468,0.0,0.0,0.0,0.0,0.0,0.07394912,0.0,0.0,0.014620764,0.02104748,0.0061971876,0.0,0.0,0.0,0.0,0.0040034764,0.0,0.0061828494,0.0,0.0,0.0,0.0,0.0,0.0,0.0,0.0006488805,0.0,0.0,0.14441684,0.0036414436,0.0011484915,0.0,0.0,0.0,0.00048343625,0.02366267,0.06636292,0.0,0.0,0.0,0.0,0.0021729774,0.0,0.0,0.0,0.0,0.0,0.014408112,0.007201038,0.009188528,0.0,0.0031420283,0.31264427,0.0,0.0006894153,0.086384,0.04700403,0.0,0.0,0.0024859807,0.0039909594,0.0,0.009387709,0.0,0.0,0.00505566,0.0,0.07628997,0.010108084,0.01208701,0.23721777,0.0,0.0,0.0,0.0,0.0,0.0,0.0,0.0,0.0,0.0,0.0045192,0.0,0.0,0.0,0.0,0.028281499,0.00073162996,0.0,0.064153954,0.009380011,0.0,0.0,0.0,0.0,0.0,0.006413065,0.0,0.0,0.022540161,0.0,0.011282571,0.0,0.0,0.035190754,0.036329634,0.004655135,0.0,0.0,0.0003095619,0.0,0.019287342,0.026082167,0.0,0.0,0.0,0.0,0.0,0.0,0.0,0.0,0.0,0.0,0.023036266,0.039635874,0.047618028,0.0,0.049955036,0.0,0.0,0.07858449,0.0,0.0,0.0,0.0,0.0,0.0,0.0,0.0,0.0015490919,0.0,0.0,0.0,0.0,0.0,0.0,0.06093361,0.0006453626,0.0,0.05520466,0.0,0.0,0.0,0.0,0.0,0.0,0.0,0.0,0.0,0.0,0.0033466134,0.0,0.007915989,0.0,0.0,0.0,0.0,0.0,0.0,0.0,0.0,0.0,0.0,0.0,0.0,0.0,0.0,0.0,0.062826395,0.0,0.0,0.0,0.02088972,0.0,0.0,0.0,0.0,0.0,0.0,0.0,0.0,0.0,0.0,0.011999697,0.0,0.0,0.0264541,0.0,0.0,0.0,0.0,0.00457449,0.0,0.0,0.036746085,0.0,0.0,0.005283352,0.0,0.0,0.0,0.0,0.0,0.0,0.0,0.0,0.0,0.111643665,0.0,0.0,0.0,0.0,0.0,0.0,0.0,0.0,0.00057921605,0.0,0.0,0.0,0.0,0.0,0.0,0.0,0.0,0.010286656,0.0,0.0,0.0069504636,0.0,0.0,0.0,0.000817929,0.0,0.0,0.0,0.0,0.0,0.0,0.018549403,0.0022722385,0.0,0.0,0.0,0.0,0.0,0.0,0.0,0.0076895976,0.0,0.034694105,0.0,0.0,0.0,0.0,0.0,0.0,0.0011878366,0.0,0.0,0.0,0.0,0.0,0.0,0.22362462,0.0,0.0043602944,0.0,0.012033364,0.0,0.0,0.0,0.00010640159,0.0,0.005226898,0.029107848,0.0012656737,0.0,0.0,0.0,0.0,0.0,0.0,0.0,0.07846657,0.0,0.0,0.0,0.0,0.04686623,0.0,0.0788684,0.0,0.016034676,0.0,0.0,0.0,0.0,0.005346803,0.012966557,0.0006742338,0.0,0.0,0.006817134,0.04565322,0.0011901855,0.0,0.0,0.08272716,0.0,0.0011069361,0.0,0.0012563831,0.0,0.0027588168,0.0,0.0,0.044154994,0.0,0.0032033434,0.0,0.0114326915,0.0,0.0,0.0,0.017803697,0.0,0.0,0.0,0.0,0.0,0.0,0.0,0.0,0.0,0.0,0.0,0.0,0.0,0.0,0.0,0.12465193,0.0,0.0,0.0,0.0,0.0,0.0,0.046751328,0.0,0.0,0.0,0.0,0.0,0.0,0.0,0.023743613,0.0,0.0,0.0,0.0,0.0,0.0,0.0,0.0,0.0,0.0,0.018292699,0.0,0.0,0.018297352,0.0,0.005729347,0.0,0.0,0.0,0.002363351,0.0,0.0,0.018191887,0.0,0.0,0.087092936,0.0,0.0,0.0,0.0,0.107697874,0.025026789,0.0,0.056388352,0.0,0.0,0.010344545,0.0,0.0,0.065691456,0.004381962,0.009981886,0.0,0.0,0.6499348,0.0,0.0,0.0,0.0,0.0,0.00021798696,0.0,0.0,0.0,0.0,0.0,0.0,0.0,0.0,0.0,0.0,0.0,0.0,0.0,0.0,0.00960163,0.032848135,0.0,0.0,0.0,0.0,0.0,0.025882063,0.0,0.0,0.0,0.0,0.0,0.0,0.0,0.01557872,0.2634563,0.0,0.0,0.012378467,0.0,0.02565381,0.033084504,0.0,0.029476628,0.0,0.23430003,0.0,0.023102157,0.0024983494,0.0010497047,0.0,0.0,0.0,0.0,0.03978749,0.0,0.0,0.0022652831,0.0,0.0,0.0,0.0,0.0,0.0,0.00019829675,0.003946545,0.0,0.0,0.32866633,0.0,0.0,0.023884369,0.0,0.0,0.00027484796,0.0,0.0,0.0,0.0033973893,0.0,0.0,0.019333703,0.0,0.09623858,0.0,0.0,0.0,0.0,0.0,0.0,0.001054231,0.0,0.0,0.048718262,0.005515668,0.0,0.0,0.0,0.0,0.0,0.04616814,0.026823051,0.010005135,0.0,0.0,0.0014464855,0.0,0.0021277945,0.14434774,0.0066158553,0.015191845,0.0,0.0,0.0,0.03680999,0.0,0.0,0.0,0.0033689241,0.0,0.0,0.0,0.0,0.10981537,0.0,0.0,0.0,0.0,0.00093395857,0.031187544,0.0,0.015054961,0.0,0.0003036875,0.0,0.0,0.0,0.0,0.0,0.0,0.0010054829,0.0,0.0013671095,0.0,0.017758708,0.0,0.0,0.0,0.0,0.0,0.0,0.0,0.0,0.0,0.0,0.0,0.0,0.0,0.40884688,0.0,0.0,0.0,0.0,0.0,0.0,0.019870188,0.010647107,0.009618625,0.0,0.0051412787,0.0,0.0,0.0,0.013902002,0.48015353,0.0,0.0,0.0,0.0,0.0,0.0,0.0,0.0,0.0,0.115556724,0.0,0.0,0.0,0.0,0.011778778,0.0,0.0,0.0,0.0,0.0,0.0,0.014909569,0.0,0.039354645,0.0,0.0016061737,0.0,0.04157014,0.0,0.0,0.0,0.0,0.0,0.0,0.0,0.0,0.0,0.0,0.0011643074,0.18531483,0.0,0.0,0.0,0.0,0.0,0.0,0.0,0.22099927,0.0,0.0,0.09153594,0.41249806,0.0,0.007937548,0.0,0.0,0.0,0.0,0.01156934,0.020952592,0.0,0.0,0.0,0.0,0.0,0.0,0.0022464613,0.01295888,0.0,0.005958793,0.0,0.0,0.0010853523,0.0,0.00023371467,0.0,0.0,0.028866364,0.0,0.0,0.0034874282,0.07843148,0.21171138,0.0,0.0,0.0,0.0059171575,0.0,0.005387973,0.0,0.004316561,0.0,0.0,0.0,0.0,0.0,0.0,0.0049347975,0.017654112,0.0020054798,0.0,0.0,0.0,0.0,0.0007811663,0.0,kennedy2.jpg
2,0.0,0.0,0.0,0.0,0.0007370175,0.0,0.0,0.0,0.0,0.005498555,0.068911076,0.0,0.0,0.0021775234,0.57112926,0.0,0.0,0.07350706,0.40612906,0.014825315,0.0,0.0,0.0,0.0,0.0,0.0,0.0,0.0,0.0,0.0,0.027781026,0.0,0.0003289556,0.1078106,0.0,0.0,0.03784173,0.0102830855,0.0,0.0,0.0,0.063802905,0.0,0.0,0.0,0.0,0.0,0.0,0.0,0.0816345,0.0,0.0,0.0,0.0,0.0,0.0,0.0,0.0,0.36295357,0.0,0.0,0.0,0.0025635483,0.0022764644,0.0,0.0,0.0,0.003086233,0.0,0.0,0.021638734,0.0,0.0,0.0,0.04368569,0.0,0.17864622,0.0,0.0,0.0,0.0025826425,0.0,0.0,0.0,0.0,0.0,0.0,0.0,0.0,0.0,0.0,0.015189569,0.0,0.00051100185,0.0,0.00853204,0.0,0.0051871357,0.0,0.0,0.0,0.0,0.084637,0.0,0.12053515,0.0,0.0,0.0,0.123677246,0.0001336549,0.0,0.0,0.0,0.035340354,0.0,0.0,0.11473884,0.0,0.0,0.015110843,0.0,0.01726339,0.0,0.0,0.0006717687,0.0,0.05859197,0.0,0.0,0.007981242,0.0,0.0,0.0,0.006694913,0.0054356637,0.0,0.0,0.0,0.0,0.0,0.0,0.0,0.0,0.044669434,0.0,0.0005064765,0.0,0.0,0.0,0.0,0.0,0.0,0.09493261,0.0,0.0,0.0,0.02776905,0.0,0.0,0.0,0.0,0.0,0.0,0.33279687,0.0,0.0,0.0,0.043900955,0.0,0.09887998,0.0,0.0,0.0,0.0,0.0,0.018293172,0.0,0.0,0.014089827,0.030132985,0.0,0.0,0.0,0.0403475,0.0,0.0,0.0019319982,0.0,0.0,0.0,0.0,0.0,0.0,0.0,0.011902146,0.0,0.0,0.0,0.0,0.041180152,0.05797376,0.0,0.0,0.0,0.001012442,0.0,0.0,0.0,0.0,0.011266725,0.0,0.007385254,0.0,0.0,0.010196378,0.0,0.0,0.0,0.0,0.0,0.0,1.1833028,0.0,0.11673603,0.0,0.0,0.0,0.0,0.0,0.011452865,0.0048931343,0.0,0.0,0.0,0.0,0.0,0.0,0.0,0.0,0.0,0.0,0.0,0.0,0.0,0.0,0.004352322,0.00040475203,0.00090596994,0.00229247,0.0,0.0,0.0,0.0,0.0,0.0,0.0,0.013501906,0.0,0.0,0.0,0.0,0.0053271092,0.038845554,0.0,0.0,0.0,0.079949915,0.0,0.0,0.0,0.10963255,0.0,0.0,0.0,0.0,0.31658003,0.048581675,0.0,0.06705922,0.0,0.0,0.0,0.0,0.0023722358,0.0,0.012362663,0.0028684079,0.1352829,0.0,0.0,0.33690965,0.0,0.0,0.0,0.032242913,0.0,0.017967122,0.0,0.03446826,0.012202244,0.0,0.0,0.0,0.0,0.0,0.0027650516,0.010791255,0.0,0.0,0.0,0.15599002,0.0,0.0,0.0,0.0,0.0,0.0,0.0,0.00077555346,0.060266275,0.0,0.009363412,0.0,0.0,0.0,0.0,0.098462984,0.013453007,0.0,0.0,0.0,0.0,0.0,0.0,0.0,0.0,0.0020196936,0.005186111,0.0,0.0,0.010251707,0.0,0.0,0.0,0.0,0.0,0.0,0.0,0.0,0.0,0.0,0.0,0.0,0.021705398,0.36867684,0.0,0.010593147,0.0066708215,0.0,0.002744334,0.044212013,0.5269185,0.27680886,0.0,0.0,0.0,0.0,0.0008021544,0.02625807,0.032876555,0.061716173,0.0,0.0,0.0,0.03544321,0.014682726,0.0,0.0,0.01790929,0.0,0.0,0.017084721,0.0,0.0,0.0,0.0,0.0,0.121181525,0.001086128,0.0,0.0,0.0,0.0,0.0021239775,0.050609346,0.011107825,0.0,0.0,0.03462347,0.0,0.0,0.0,0.071464434,0.0,0.0,0.0,0.023771629,0.020228798,0.019374473,0.05377499,0.0,0.008250585,0.009320741,0.0,0.0,0.0,0.0,0.0,0.0,0.0,0.0,0.0,0.0,0.0,0.0,0.0,0.0,0.0,0.0049006986,0.0076725106,0.0,0.002389431,0.022703579,0.0,0.0,0.0,0.0,0.00183616,0.011351285,0.24115618,0.0,0.0,0.0,0.12664749,0.5641432,0.0,0.0,0.0,0.06306121,0.0,0.0,0.0,0.0,0.0120731145,0.0,0.02121769,0.0,0.0,0.0,0.0,0.0,0.0,0.0,0.0,0.0,0.0,0.135491,0.04712825,0.0,0.023242656,0.23522829,0.0,0.0008647491,0.0,0.0,0.0,0.15953285,0.0,0.0,0.00615256,0.018960936,0.0,0.0028696666,0.0,0.0,0.0,0.0,0.0,0.024920242,0.0,0.0,0.0,0.0,0.0,0.00037775905,0.0,0.0014501116,0.0,0.0,0.072675236,0.007058416,0.0,0.0,0.024450691,0.0,0.0,0.32658568,0.0,0.0,0.084211916,0.0005173854,0.0,0.0,0.0,0.046830013,0.0,0.0,0.032856524,0.0,0.0,0.0,0.0,0.0,0.11907038,0.0,0.0,0.0,0.06387975,0.0,0.0,0.00018913101,0.0,0.10660069,0.012887826,0.0,0.0,0.0,0.0009598805,0.0,0.27341768,0.0,0.0,0.17989199,0.09121587,0.03957286,0.0,0.0,0.0,0.0,0.0,0.0,0.0,0.0,0.0,0.06334771,0.0,0.0,0.0,0.0,0.0,0.009991945,0.0,0.032095708,0.09124619,0.0,0.0075037214,0.0,0.0046113706,0.051587958,0.0,0.0,0.0,0.0,0.0,0.0,0.0,0.0,0.0,0.0,0.012011648,0.0,0.0,0.17106266,0.040528826,0.0,0.0,0.0,0.0,0.0,0.0,0.0,0.0,0.0019780057,0.0,0.0,0.0,0.028095085,0.0012534881,0.0,0.0,0.08778031,0.0,0.013211392,0.05773814,0.044222467,0.0009047273,0.0,0.0004281207,0.0,0.02167345,0.0,0.0,0.0,0.0,0.0,0.17126222,0.047142774,0.0,0.0,0.006835115,0.0051229023,0.0,0.003159534,0.0,0.0,0.0,0.050106987,0.0006429249,0.0,0.0,0.0,0.0,0.13641314,0.1014163,0.0,0.053839527,0.022509689,0.0065351906,0.0,0.0,0.020732345,0.0,0.0,0.0,0.0,0.0013337969,0.0,0.0,0.15348619,0.0,0.011254048,0.0,0.026808238,0.0,0.0054205633,0.021537945,0.0,0.0,0.04094915,0.0074707754,0.0,0.0015435979,0.009192325,0.01100816,0.0,0.0,0.0,0.0,0.0,0.07458916,0.0014518098,0.0,0.004437357,0.061345678,0.0,0.0,0.0,0.0005037955,0.7920451,0.0,0.00020555581,0.0,0.0,0.003839331,0.0,0.0,0.0,0.0,0.0,0.0,0.0023716518,0.12645501,0.0,0.0,0.0,0.0,0.0,0.0,0.0048726373,0.0,0.0,0.0,0.010723392,0.0,0.0,0.0,0.0,0.0,0.0,0.0,0.0,0.0,0.03419251,0.0,0.11554416,0.0,0.0,0.010045243,0.0,0.0,0.0,0.0048727724,0.0,0.12853579,0.0,0.0,0.034742113,0.0,0.0,0.0,0.0,0.0,0.0,0.0,0.0,0.0,0.0,0.016587881,0.0,0.0,0.43192232,0.0,0.0,0.10224044,0.004182148,0.0,0.0,0.0,0.024259824,0.0,0.0,0.0,0.2874552,0.01234491,0.0,0.0,0.0,0.046461836,0.0026809562,0.0,0.0,0.0,0.0,0.0,0.0,0.002258018,0.0,0.0,0.0,0.0020172447,0.08669377,0.3979637,0.0,0.56120425,0.0,0.0,0.20382485,0.0,0.0044233324,0.0,0.0,0.0,0.0,0.0,0.0,0.028380029,0.0,0.0,0.0,0.0,0.0,0.0,0.0,0.0,0.0,0.0,0.02824583,0.0,0.0,0.08135366,0.02491535,0.0,0.0,0.0,0.0042772535,0.015915701,0.0,0.0,0.0,0.0,0.0321228,0.0,0.0,0.0,0.0,0.0015231194,0.0,0.0,0.0,0.0,0.0,0.010286886,0.009945504,0.019824209,0.0,0.0,0.050864786,0.0,0.0,0.0,0.0,0.0,0.0,0.0,0.0,0.0,0.031250753,0.0,0.04072499,0.0,0.0,0.10278533,0.0,0.19850264,0.0,0.0,0.06631599,0.0,0.0,0.006496636,0.0,0.0,0.1044864,0.0,0.00873418,0.0010267039,0.058048345,0.0,0.0005212849,0.0,0.0,0.00034253817,0.0,0.0,0.0,0.0,0.0,0.011753583,0.9190875,0.0,0.3461548,0.010755266,0.0,0.0,0.0,0.272782,0.0,0.0,0.0,0.0,0.0,0.0,0.0,0.086198755,0.0,0.0,0.050600193,0.021047674,0.0,0.55754256,0.0,0.0,0.0,0.04095022,0.0767428,0.0,0.0,0.0322035,0.028284857,0.0,0.0,0.0,0.0,0.0032697655,0.0,0.0,0.0,0.0,0.0,0.0,0.036824808,0.0,0.0,0.0,0.0,0.0688572,0.0,0.0,0.0,0.0,0.0,0.0,0.0,0.0,0.0,0.0,0.0,0.0,0.0014042547,0.0,0.0,0.0,0.0,0.0,0.0,0.036681637,0.0,0.022416975,0.0,0.0,0.005428646,0.0,0.0,0.0,0.029303044,0.0041078473,0.0,0.0,0.016210781,0.0,0.028681144,0.0,0.04659306,0.0,0.0,0.0,0.0,0.0,0.0,0.010858067,0.0,0.0,0.0,0.0,0.0,0.0,0.0,0.0,0.0,0.0,0.026097197,0.0,0.0014911275,0.0,0.0,0.0,0.0,0.0,0.0,0.0,0.058187272,0.005644701,0.0,0.020178858,0.0054554124,0.0,0.0,0.0,0.0,0.0,0.0,0.0,0.0,0.0,0.005717397,0.0,0.007170721,0.0,0.021859623,0.0,0.0,0.0,0.0,0.0,0.0,0.0,0.228198,0.0011202972,0.0,0.0,0.0,0.0,0.0,0.0,0.002294161,0.0,0.0,0.0,0.0074534393,0.0,0.0,0.0,0.0,0.0,0.0,0.05013636,0.0,0.0,0.0,0.0018474837,0.0,0.0,0.0,0.0,0.053627826,0.0,0.0,0.0,0.0,0.0038736062,0.0,0.0,0.000639834,0.0,0.04262425,0.22052664,0.020533549,0.0,0.0019233787,0.0,0.02803354,0.0023623894,0.023006573,0.0063921665,0.0,0.007309212,0.0027789243,5.166871e-05,0.0,0.0,0.0,0.01691305,0.029081509,0.025160987,0.027639238,0.011141881,0.02580488,0.0,0.0,0.0048386375,0.0,0.0,0.0,0.0,0.0,0.0,0.0020555549,0.0,0.0,0.0,0.005598352,0.012180776,0.0,0.0,0.0,0.0,0.0,0.0,0.0,0.0,0.07824849,0.0,0.027282126,0.02408132,0.0,0.01733738,0.0,0.0,0.001534313,0.0,0.0,0.0,0.0,0.0,0.0,0.037765455,0.0,0.0054485328,0.0,0.0,0.0,0.0,0.0,0.0,0.0010920848,0.031741314,0.0,0.0,0.0,0.0056588347,0.016528718,0.03995604,0.0,0.0011052927,0.0,0.09739721,0.0,0.0526528,0.0,0.030409327,0.0037132648,0.0,0.0,0.0,0.0,0.0,0.0,0.0,0.0,0.0,0.0,0.00041080493,0.0,0.0,0.0,0.0,0.0,0.0,0.0,0.0,0.0,0.06665105,0.0,0.0,0.0,0.0,0.085792325,0.0,0.56139976,0.0,0.0035947987,0.0,0.0,0.0,0.0,0.0,0.0,0.0,0.0014994071,0.0,0.0010301069,0.0,0.0,0.020774856,0.0,0.0,0.018397417,0.0,0.0,0.0,0.0,0.0,0.88339305,0.027873777,0.0,0.0,0.0,0.0,0.013173345,0.27279577,0.0,0.0,0.0,0.54731256,0.0,0.0,0.0,0.0,0.0,0.0,0.0,0.031578396,0.0,0.0,0.02680153,0.08806329,0.0,0.01063378,0.0054247575,0.0,0.0,0.0,0.0,0.0,0.0,0.0,0.0,0.016109833,0.0,0.0,0.12851919,0.0,0.0,0.0,0.0,0.021495031,0.0,0.0,0.010979752,0.0,0.005159559,0.0072794096,0.08487495,0.058108408,0.0,0.0,0.0,0.0,0.0,0.0,0.05796639,0.02127291,0.008373202,0.01877522,0.0,0.0,0.0,0.0,0.0,0.0,0.0,0.0,0.0,0.0,0.0,0.0,0.0,0.0,0.0,0.42214835,0.0,0.013770191,7.338548e-05,0.0,0.0,0.0,0.0,0.0,0.0,0.0,0.0027703412,0.0,0.0,0.0,0.0,0.0,0.0,0.0,0.0,0.0,0.0,0.0,0.042179585,0.0,0.0,0.0,0.0,0.0,0.0,0.0,0.0,0.03080434,0.0033044948,0.0,0.0,0.0,0.0,0.0,0.0,0.0,0.07129719,0.0,0.0,0.0,0.0035470505,0.0,0.0,0.0026919537,0.0,0.0,0.0,0.056284983,0.0,0.0,0.0,0.0028708037,0.0,0.0005279147,0.0,0.0,0.2253624,0.0,0.0,0.0,0.013689098,0.036610074,0.0,0.026066825,0.09765594,0.10780992,0.0,0.016450653,0.0,0.0,0.0,0.0,0.0,0.0,0.0,0.014231484,0.0,0.025280626,0.030347481,0.0,0.00052555,0.0,0.034199968,0.0,0.0,0.021328941,0.0,0.00014343341,0.00029546753,0.0,0.051161252,0.0,0.0,0.0,0.0,0.0,0.0,0.22007611,0.0,0.0,0.0,0.003291996,0.0039051406,0.0,0.0,0.0,0.0,0.001843377,0.0,0.0,0.0,0.0006215974,0.0,0.20977306,0.0,0.0073927483,0.0,0.0,0.0,0.007044593,0.0,0.0,0.001440924,0.0,0.0,0.02207973,0.012830616,0.10754973,0.0,0.0,0.010170928,0.0070045167,0.01795132,0.0,0.01014798,0.0,0.028018046,0.0,0.0,0.00036225026,0.015870612,0.0,0.006894185,0.0,0.02617757,0.0,0.004303726,0.010507656,0.0,0.043558277,0.0,0.0,0.0030884135,0.0,0.0,0.00077322125,0.0,0.0028177123,0.0,0.36506224,0.0016393464,0.0,0.0,0.0,0.09499604,0.0,0.0,0.0,0.009805617,0.0,0.012280483,0.010101465,0.0,0.0,0.0,0.045133054,0.0,0.0,0.00040093248,0.0,0.0022116948,0.0,0.0,0.0,0.0,0.0,0.0,0.027581967,0.0,0.0,0.108947,0.0,0.0,0.0,0.0,0.0,0.0,0.0,0.035659984,0.0,0.0,0.02234782,0.0,0.0,0.012209308,0.070762865,0.04375879,0.004205845,0.0,0.0,0.0010860343,0.0,0.0,0.0,0.0,0.0,0.0,0.10100028,0.0,0.21177228,0.0,0.0,0.0,0.0,0.0,0.07880202,0.0,0.0,0.0,0.00031767448,0.0,0.0,0.0,0.019859126,0.0,0.0,0.0,0.0,0.001241656,0.0,0.0,0.03903311,0.0018172319,0.0,0.0,0.0,0.2817608,0.003307985,0.0,0.005928191,0.0,0.0,0.0,0.0,0.0,0.0,0.0,0.0,0.0,5.5889694e-05,0.22531413,0.0,0.0,0.0052610403,0.0,0.0,0.0,0.0059952224,0.0,0.0,0.0,0.02364392,0.021037929,0.0,0.0,0.0,0.0,0.03038364,0.18908668,0.0,0.0,0.0052748057,0.0,0.015208196,0.0,0.0,0.0,0.13789585,0.0071097016,0.0,0.0,0.0014761554,0.0,0.0,0.0,0.020895671,0.0,0.0022247287,0.0,0.0111209275,0.0,0.008548714,0.08983425,0.0,0.0,0.0,0.0016701842,0.0,0.0,0.0,0.0,0.0,0.013657867,0.0,0.0,0.0,0.0068475716,0.0,0.0,0.0075751445,0.0,0.0,0.0,0.0,0.0,0.0,0.012392583,0.021371612,0.0,0.46892267,0.047754023,0.0,0.0,0.0,0.0,0.08297516,0.0,0.0,0.0,0.0,0.0,0.0,0.0,0.0,0.0,0.0,0.011199158,0.0,0.0,0.08807643,0.0,0.0,0.0,0.09289548,0.0,0.0,0.0,0.1229969,0.076788485,0.0,0.0,0.0074546165,0.022343904,0.013361371,0.0,0.011482127,0.012309548,0.45776308,0.0026177566,0.0,0.0,0.0,0.28046435,0.0,0.0,0.0,0.0,0.0,0.0,0.0,0.0030582694,0.0,0.049032193,0.0,0.0,0.0,0.02098681,0.0,0.0,0.0,0.011597042,0.0,0.0,0.0061049205,0.0,0.0,0.028200557,0.10245294,0.0012376722,0.0,0.0,0.017469589,0.0,0.0,0.0,0.0,0.0,0.0,0.0,0.11973685,0.0966727,0.0,0.0,0.0,0.0,0.025252182,0.019161476,0.0,0.0,0.0,0.0,0.0,0.0035768442,0.0,0.0,0.0,0.0,0.0,0.07284582,0.025167426,0.0,0.0,0.10482022,0.0,0.0,0.0,0.0,0.0,0.0,0.0,0.0,0.0,0.19080906,0.0,0.0,0.0049356087,0.0019466172,0.0,0.00024002395,0.0,0.0,0.0,0.0,0.17659448,0.006973617,0.0,0.0,0.0,0.0,0.0,0.0,0.0,0.0,0.0,0.0,0.0,0.0,0.0,0.0700765,0.014595283,0.02808985,0.0,0.06675746,0.0,0.008199115,0.0,0.0,0.00094911514,0.0,0.0,0.0,0.0,0.057012845,0.0,0.0,0.0,0.0,0.0,0.0,0.0,0.0,0.0,0.0,0.007922979,0.0,0.0,0.0,0.0,0.0,0.0,0.00041453206,0.12506019,0.0,0.0,0.0,0.0,0.0,0.027614543,0.0,0.0,0.0,0.018540168,0.0,0.0,0.003519827,0.0,0.0,0.0,0.0,0.0,0.0,0.0012526558,0.0,0.011798922,0.0,0.09760734,0.0,0.0,0.0089735985,0.0,0.017092532,0.0020440281,0.0,0.0,0.08007217,0.0,0.0,0.0,0.0,0.0,0.0,0.0,0.0,0.0,0.0,0.0,0.004812192,5.8762882e-05,0.0,0.0,0.0,0.0,0.0,0.0,0.0,0.00558757,0.0,0.03691322,0.0,0.0,0.006597062,0.0,0.0,0.0,0.0,0.0,0.043943983,0.0,0.0,0.40765008,0.0,0.0,0.0042180712,0.0,0.0,0.0,0.0,0.17809378,0.0,0.0,0.021383835,0.008088728,0.0,0.0,0.014049077,0.0,0.0032078137,0.0,0.004970458,0.0027097962,0.09232495,0.0,0.0,0.0,0.048944365,0.000636473,0.0,0.0,0.009072654,0.0,0.0,0.0,0.0,0.072507024,0.0,0.0,0.005431596,0.0,0.0,0.0,0.0,0.0,0.0,0.007400763,0.11905956,0.0,0.0,0.0,0.0052365186,0.0,0.018836617,0.0,0.036614876,0.037860245,0.0,0.0,0.018906659,0.0,0.007417546,0.0,0.0,0.00095645414,0.0,0.0,0.03341694,0.049722865,0.14909135,0.0,0.115528084,0.0,0.086879864,0.0,0.0028067827,0.0,0.0,0.0,0.0,0.0,0.0,0.0,0.0,0.0,0.0,0.0,0.0,0.12572868,0.0,0.0,0.022599325,0.0,0.0,0.0,0.0036091246,0.00048758788,0.0,0.0,0.0,0.03641645,0.0,0.0,0.0,0.30393565,0.0068849083,0.0,0.0,0.010675697,0.0049452656,0.0,0.0,0.0,0.013300045,0.0,0.0,0.010825868,0.005136345,0.0073015215,0.0048463857,0.0,0.0,0.0,0.002196178,0.0,0.20866553,0.0646415,0.0,0.0,0.0072096125,0.057405647,0.0,0.0,0.0,0.0,0.0,0.0053817458,0.0,0.0,0.0,0.0,0.0,0.0,0.0,0.0,0.0,0.014059758,0.0018002245,0.097077966,0.0,0.0,0.0,0.0,0.0,0.03865978,0.0,0.0,0.0011997077,0.0,0.0,0.0,0.0,0.0075381193,0.0,0.0,0.0014467164,0.0,0.0,0.0,0.020149292,0.0,0.12594646,0.16726448,0.0,0.0,0.0,0.0,0.03594356,0.0,0.0008760715,0.0,0.039752465,0.0,0.20201682,0.0,0.0,0.0,0.0667831,0.0,0.0,0.0019219238,0.03230513,0.0,0.0,0.0,0.0,0.0,0.0,0.00011323058,0.0,0.0,0.0,0.0048041344,0.0,0.0,0.0,0.0059228605,0.0,0.021348905,0.0,0.0,0.0,0.0,0.0,0.009714066,0.13838397,0.012714797,0.0,0.0,0.0,0.0,0.0,0.0,0.0,0.0,0.0,0.030933838,0.03080349,0.0,0.0,0.0,0.0,0.0,0.0,0.0,0.0,0.044569876,0.0,0.0006319455,0.0,0.016925642,0.0,0.19235511,0.0,0.025525179,0.0,0.0,0.007957762,0.028741632,0.0,0.0,0.0,0.0,0.0,0.0012304442,0.0,0.0,0.0,0.0,0.0,0.0,0.0,0.0,0.006511766,0.0,0.0,0.022666147,0.0,0.024210317,0.0,0.0,0.0,0.14797036,0.0,0.0,0.0,0.03200164,0.13807298,0.0003038876,0.065748036,0.0,0.0,0.0,0.0,0.0,0.010612435,0.007027262,0.0006058167,0.0,0.0,0.015426313,0.015496571,0.0,0.0,0.0,9.581751e-05,0.0,0.0,0.0,0.0,0.0,0.0,0.0,0.0,0.0,0.005234952,0.0,0.036791846,0.1051693,0.0,0.0,0.0,0.0,0.04747558,0.0,0.0,0.0,0.0,0.0,0.123045124,0.13495472,0.0044774474,0.0,0.0,0.0,0.0,0.0,0.020748036,0.0037285003,0.0,0.0,0.0,0.030563364,0.0,0.0013447636,0.049703833,0.0,0.0,0.0,0.015929483,0.014820837,0.0,0.0,0.0,0.0,0.0,0.0,0.041901004,0.0,0.03613414,0.0,0.113956004,0.013194502,0.0,0.0,0.0,0.0,0.034536976,0.0,0.0,0.0,0.007792211,0.0,0.0,0.0,0.0,0.0,0.0,0.0,0.03372673,0.05578078,0.021864126,0.0,0.0,0.0,0.05415276,0.0,0.0,0.0,0.0,0.0,0.0,0.0,0.0,0.0,0.0,0.0,0.0,0.00023483744,0.0,0.0,0.011505684,0.0,0.0,0.0,0.0,0.0,0.0,0.0,0.0,0.009977787,0.0,0.0,0.0,0.0,0.0,0.0,0.0,0.0,0.0,0.0,0.0004939613,0.010391464,0.0,0.0,0.0,0.0,0.0,0.0006277032,0.0,0.0,0.008951489,0.00035339472,0.0,0.0,0.0,0.0,0.0,0.03454104,0.0,0.00083707547,0.0,0.0,0.0,0.046483528,0.19306973,0.0,0.0,0.0,0.0,0.0,0.0,0.0,0.0,0.0,0.0,0.0,0.06359357,0.0,0.0,0.0,0.0,0.0,0.0,0.0,0.0,0.0,0.108744614,0.010245744,0.0,0.0,0.0,0.0,0.028418701,0.0018733153,0.0,0.0,0.0,0.0,0.0,0.0,0.0,0.0,0.0,0.0,0.0008873416,0.0,0.007304874,0.0,0.0,0.0,0.0,0.000493673,0.0,0.0,0.0,0.0003688466,0.0,0.0,0.0043783127,0.027039975,0.0,0.051755775,0.0,0.0,0.0,0.0,0.0,0.0044236747,0.080338426,0.012411345,0.0,0.0,0.0,0.0,0.0,0.0,0.0,0.0,0.0,0.0,0.07853239,0.0,0.0,0.0032050367,0.0,0.0,0.0,0.0,0.04374343,0.024441538,0.014172517,0.0,0.0,0.0,0.0,0.0,0.018517606,0.16665357,0.009542937,0.0,0.0,0.0,0.023091272,0.0,0.0,0.0,0.0,0.0,0.0,0.0,0.0,0.034197748,0.0077171787,0.0,0.0,0.0,0.0,0.0,0.026111811,0.0,0.0,0.0,3.9219856e-05,0.0,0.025036223,0.010032907,0.0,0.0,0.0,0.0,0.0,0.014932092,0.0,0.0,0.016879195,0.03415102,0.0,0.52386075,0.0,0.0,0.016866973,0.0,0.0,0.0,0.0,0.010457762,0.0039188224,0.0,0.03322934,0.0,0.04606434,0.0,0.0,0.0,0.0,0.0,0.0,0.22703941,0.0019635765,0.0,0.0,0.0,0.0,0.0,0.0,0.019582016,0.008394604,0.0046706735,0.008413339,0.0,0.0,0.0,0.0,0.0,0.00065329426,0.0,0.0,0.0026381486,0.019662475,0.0,0.0,0.0,0.039556164,0.0,0.0,0.070020884,0.07218195,0.0,0.0037458758,0.0,0.0,0.0,0.27056348,0.005290074,0.0,0.0,0.0,0.0,0.0,0.027482854,0.0,0.022257512,0.0,0.08448967,0.0,0.030453961,0.0,0.007831396,0.0,0.0,0.13035737,0.0007350043,0.0,0.036509763,0.0,0.0,0.004801124,1.0413865,0.0,0.0,0.0,0.0,0.0,0.012434745,0.0,0.0032497365,0.0,0.043212857,0.0,0.0,0.00090728485,0.0,0.018453045,0.013089283,0.0,0.067343555,0.0,0.0,0.008702222,0.028994974,0.0,0.36202058,0.02128264,0.0,0.0,0.13514297,0.0,0.0,0.0,0.0,0.0,0.0,0.0,0.0,0.0,0.0,0.048080727,0.0,0.0,0.0,0.0,0.0,0.039747864,0.0,0.0,0.0070156637,0.048963327,0.0,0.0,0.00075114396,0.0,0.0,0.0,0.0,0.054656643,0.16493958,0.0,0.017125124,0.054947868,0.0,0.0,0.0,0.0,0.0,0.0,0.0068507986,0.0,0.0,0.0,0.0,0.0011763597,0.0,0.0,0.0,0.0,0.0,0.0,0.0,0.0,0.0,0.12741435,0.0024908793,0.0,0.0008943829,0.0,0.0,0.0,0.0,0.0,0.0,0.0,0.0,0.013169114,0.11628339,0.0,0.008810286,0.0,0.0,0.07601693,0.14498247,0.0,0.0,0.008616462,0.19339122,0.0,0.0,0.0,0.01056366,0.0,0.0017458401,0.06906741,0.0,0.0,0.0,0.0,0.0,0.0,0.008397706,0.01441408,0.0,0.004768293,0.0009793894,0.0,0.0,0.0,0.0,0.0,0.0,0.06018153,0.017397476,0.0,0.0,0.06800794,0.0,0.06701731,0.13813338,0.0052330755,0.0,0.0,0.0,0.0,0.0,0.0,0.0,0.0027415282,0.0,0.0,0.0,0.016976621,0.0040901126,0.0,0.0,0.02014804,0.0,0.0,0.0,0.0,0.0,0.0,0.0,0.0,0.0,0.0048507378,0.0,0.0,0.0,0.02402448,0.0,0.0,0.07718119,0.0019557506,0.0,0.0,0.0,0.027110424,0.0,0.056421436,0.07577451,0.0,0.0,0.039725956,0.0,0.0,0.0,0.030145915,0.0,0.0,0.0,0.0,0.0,0.0,0.0,0.0,0.021139178,0.02407799,0.0011331524,0.0,0.0,0.0,0.0,0.0,0.0,0.0,0.0043790876,0.0,0.0,0.0010596085,0.0,0.13231654,0.0030450025,0.0,0.15222616,0.0,0.070563704,0.0,0.0,0.0,0.0,0.07378005,0.0359028,0.0015971551,0.0,0.0,0.0,0.005595998,0.0,0.0,0.003380208,0.0,0.0,0.0,0.0,0.04175385,0.0025334784,0.0,0.0,0.0,0.00010369992,0.062093165,0.0,0.0,0.0,0.0,0.0,0.0,0.0,0.0,0.0,0.0,0.046487078,0.0,0.0,0.0,0.0,0.0,0.0,0.0,0.0,0.0,0.0,0.0,0.0,0.0,0.0,0.0,0.0127087515,0.0,0.0,0.0,0.0,0.0,0.0,0.0,0.005193764,0.0,0.0,0.0,0.0,0.0066850646,0.0,0.0,0.0,0.03391943,0.017005155,0.0,0.0,0.0,0.0,0.0,0.0,0.028502781,0.0,0.0,0.0007308454,0.005871682,0.002356088,0.0,0.0,0.020901706,0.0,0.0,0.0,0.0,0.0,0.02044135,0.0,0.0,0.0,0.0,0.0,0.0,0.0,0.0,0.0,0.0,0.0,0.13106135,0.0,0.09921585,0.0,0.0,0.0,0.009760178,0.0027004748,0.0,0.0,0.0,0.028025283,0.0,0.0,0.0,0.0,0.0,0.0,0.0,0.0031955717,0.0,0.05691261,0.0,0.0,0.0,0.0057907933,0.037362326,0.0,0.0,0.006153148,0.0035678016,0.0,7.425766e-05,0.0,0.0,0.0,0.0,0.0,0.003398073,0.0,0.0,0.0,0.0,1.0507448e-05,0.0,0.0,0.046784736,0.08279016,0.0,0.005268282,0.0,0.08197664,0.006623244,0.020156829,0.0,0.0010290754,0.0041585295,0.0,0.011097348,0.0,0.0,0.0,0.0,0.0,0.0,0.0,0.0,0.0014353687,0.0,0.0,0.0,0.0,0.0,0.0037810493,0.0,0.0,0.004494773,0.0,0.0,0.005292821,0.0,0.0028655268,0.009878831,0.0,0.0,0.0,0.0,0.0,0.0,0.0,0.0,0.0,0.18975493,0.0,0.0,0.012417797,0.0,0.0,0.18906897,0.007787023,0.0,0.0026571155,0.0047650887,0.026980748,0.0,0.0,0.0,0.0,0.010241837,0.0006885504,0.0025088252,0.079680406,0.00059998763,0.0,0.07283996,0.0,0.0,0.0,0.0,0.0,0.032081984,0.0,0.0038760074,0.0,0.0427868,0.017116962,0.00241328,0.0,0.0,0.0,0.3294537,0.0,0.0,0.006019691,0.0,0.0,0.032803856,0.1634802,0.05695132,0.0,0.0,0.0,0.0,0.00062843,0.0,0.010550925,0.0,0.009890751,0.0,0.0,0.0,0.0,0.002346871,0.0,0.10059954,0.034772526,0.0,0.0,0.0,0.0,0.01421446,0.004893736,0.0005730281,0.0,0.0,0.0014908357,0.0,0.0,0.0,0.0,0.0,0.0,0.0,0.0,0.0,0.0,0.0,0.0,0.0,0.0,0.0,0.00011261872,0.15143777,0.25218248,0.006486866,0.007293047,0.0,0.027347263,0.008979524,0.009863211,0.0,0.0,0.01944682,0.0,0.1208489,0.0,0.0,0.0,0.0,0.001771843,0.01920571,0.0,0.05074458,0.029272484,0.0,0.018534759,0.0,0.004316454,0.0,0.0,0.0,0.0,0.0,0.014149589,0.0,0.092069715,0.09903284,0.10794922,0.0,0.14790231,0.009545888,0.036542702,0.0,0.16427153,0.0,0.0,0.0,0.0,0.15468125,0.0,0.0,0.0,0.0,0.0,0.0,0.13164103,0.0,0.0,0.019054664,0.0,0.0,0.0,0.0001851794,0.0,0.0,0.006461477,0.0,0.0,0.006515819,0.0,0.0,0.0557504,0.12605125,0.0,0.037600316,0.0,0.0,0.15549201,0.0,0.019792153,0.0,0.0,0.0,0.0,0.0,0.0,0.094747804,0.23588008,0.0,0.0,0.022796575,0.0,0.0,0.0129485,0.0,0.0,0.0,0.0,0.01487281,0.0,0.0,0.0,0.015077215,0.0,0.0,0.0,0.17121634,0.14826643,0.0,0.0,0.0,0.04287891,0.08365435,0.028446315,0.0,0.0,0.0,0.0,0.0,0.0,0.0,0.057949714,0.0042214477,0.0,0.0,0.03391061,0.0,0.0,0.0,0.0,0.0,0.0018922735,0.0,0.0,0.026460113,0.22322659,0.6445256,0.0124750845,0.0,0.0029667653,0.0,0.0,0.0,0.035972867,0.0,0.02393224,0.0,0.0014073461,0.0,0.0022505084,0.0,0.0,0.0,0.0,0.0,0.0,0.0,0.056518327,0.0,0.00022033647,0.0,0.0,0.2681698,0.0,0.07427738,0.0069217486,0.0,0.07826454,0.0,0.0037452446,0.0,0.0,0.04981194,0.0,0.50401866,0.0,0.0,0.0,0.0,0.0,0.05428811,0.0,0.061192606,0.0,0.0,0.0,0.005950546,0.061046865,0.0,0.0,0.0,0.033767205,0.0,0.0,0.111436814,0.0,0.0,0.0,0.004419371,0.0,0.009722634,0.0061459583,0.040058255,0.0,0.04885422,0.006725573,0.0,0.0,0.0,0.0,0.05610796,0.002931084,0.0,0.0,0.0,0.0,0.0,0.015771683,0.0,0.0,0.00038769539,0.25049785,0.07972079,0.0036353432,0.019208876,0.0,0.0,5.6094053e-05,0.0,0.0,0.0039872928,0.0,0.0,0.0,0.00034516197,0.14302453,0.0,0.0,0.0,0.0,0.0,0.016193792,0.0,0.004086959,0.0,0.0,0.0,0.00064843404,0.0,0.0,0.0,0.0,0.007024344,0.0,0.0,0.0,0.0,0.0,0.0,0.0,0.0,0.008804858,0.04996751,0.0,0.015735991,0.2614757,0.0,0.0,0.0,0.0,0.0,0.075200535,0.0,0.0,0.0,0.07396752,0.0,0.0,0.0,0.0,0.067907386,0.0,0.0,0.0,0.0,0.0,0.0,0.0,0.0,0.0,0.0,0.0,0.0,0.0,0.0034662602,0.0097413035,0.0,0.0021683706,0.0,0.0,0.0,0.0,0.01070923,0.0,0.0,0.0,0.27131432,0.0,0.13760456,0.0,0.0,0.003518206,0.0,0.49454537,0.0,0.08400072,0.028377017,0.0,0.0,0.0,0.032597974,0.0,0.0,0.0,0.0,0.0,0.0,0.002287214,0.024330923,0.00046168786,0.029507296,0.0,0.0,0.0,0.0,0.0,0.0,0.0,0.0,0.0,0.13856275,0.0,0.0,0.0,0.0,0.0,0.0,0.0,0.0,0.0,0.07604231,0.0,0.0036051187,0.0,0.08460233,0.016763156,0.0,0.0,0.0028021506,0.021862071,0.0,0.0,0.0,0.0,0.0,0.0,0.0,0.0,0.0,0.0,0.038624566,0.0,0.013628907,0.0,0.0,0.010005188,0.0042994446,0.038923647,0.033805095,0.0,0.03904753,0.0,0.0,0.0,0.0,0.0027155608,0.0,0.0,0.0,0.0,0.0,0.1639437,0.0,0.00026649114,0.01409425,0.04169998,0.0038899085,0.013952917,0.0,0.0,0.0,0.0,0.0,0.0,0.016889589,0.023473814,0.0021465821,0.0,0.0005263771,0.0,0.019511312,0.0,0.0,0.0024624814,0.0124682095,0.0,0.034702547,0.041767083,0.002436144,0.0,0.0,0.07822473,0.0,0.013899693,0.0,0.0,0.0,0.0019966632,0.0,0.0,0.0,0.0,0.0,0.0,0.0,0.0,0.020702489,0.0,0.0,0.0,0.021755269,0.0,0.0,0.0,0.0,0.0,0.0,0.0,0.0,0.0017184713,0.0,0.0,0.0,0.0,0.0,0.0,0.0,0.0073469453,0.0,0.0,0.0,0.0,0.026804365,0.081126176,0.0,0.006713546,0.0123190405,0.0,0.0,0.0,0.023976184,0.06732093,0.00504235,0.0,0.037057243,0.0,0.0,0.0,0.0,0.28210765,0.0,0.07983651,0.0,0.0,0.0,0.0,0.011280836,0.0036927052,0.0,0.0,0.0,0.0,0.016203895,0.0,0.0,0.0,0.0,0.088652894,0.0,0.0046186266,0.0,0.008796884,0.0,0.0,0.0,0.0,0.0,0.0,0.004371176,0.0,0.0,0.0,0.0,0.0,0.0,0.039275803,0.004452186,0.0,0.0,0.003347993,0.029813012,0.0,0.0,0.026614465,0.0,0.0,0.002538366,0.0,0.0,0.0,0.0,0.013927181,0.0,0.0,0.0,0.0,0.0013205013,0.0,0.056058515,0.0,0.0006794421,0.0,0.0,0.0,0.0,0.0,0.0,0.12050205,0.0,0.0,0.08020504,0.0036662135,0.0,0.0,0.0,0.0,0.0,0.0,0.0,0.030353902,0.3021378,0.0,0.0,0.0,0.0,0.0,0.0,0.0,0.0067693014,0.0,0.0,0.0,0.0,0.0,0.0,0.0,0.0,0.0,0.004043428,0.0,0.0,0.0,0.0,0.03249344,0.13337874,0.0016947815,0.0,0.0,0.0,0.0190561,0.01491317,0.0,0.0,0.0026361954,0.011026402,0.0,0.0,0.0,0.0,0.44721568,0.0,0.0,0.0,0.0,0.0,0.0,0.047623996,0.0,0.0,0.0,0.0,0.0,0.0,0.0,0.0,0.0,0.007668713,0.009852164,0.0,0.0,0.0,0.0,0.0,0.0060644634,0.15769348,0.0,0.0,0.0036150364,0.0,0.0,0.0067988914,0.0,0.0,0.0,0.015055179,0.009779882,0.0,0.0,0.029959243,0.0,0.0,0.48358074,0.0,0.009941423,0.022948835,0.14606887,0.0,0.0,0.0,0.0,0.0,0.017045284,0.0,0.0,0.00081943616,0.021516468,0.0,0.17195219,0.0022007378,0.0,0.0,0.0,0.0,0.0,0.0073153987,0.0,0.0,0.0,0.0,0.0,0.04522549,0.021704227,0.01934051,0.0010292603,0.0,0.002674531,0.0,0.2399828,0.0,0.0,0.0,0.0,0.0,0.0,0.0,0.0,0.0,0.0,0.0,0.00071727665,0.0,0.0,0.0,0.0,0.0,0.0,0.093695715,0.0,0.0,0.0,0.030678423,0.0,0.0,0.0,0.0,0.0028507856,0.006146022,0.0,0.037199225,0.054333366,0.0020085974,0.0,0.10239639,0.03511308,0.0,0.0,0.0052633164,0.039030682,0.0,0.0,0.02162715,0.114826806,0.0,0.0,0.0,0.0,0.0,0.0,0.0,0.0,0.0,0.0,0.0029601054,0.0,0.050265156,0.49568078,0.019906316,0.0020278108,0.0,0.0,0.0,0.0013174191,0.0,0.06395269,0.0,0.0,0.0,0.019922059,0.0041153855,0.0059981686,0.0,0.0,0.0,0.0,0.0,0.0,0.001994279,0.07168271,0.0,0.0036909995,0.06087591,0.0,0.0,0.0,0.0,0.046057086,0.0047273054,0.024708437,0.0,0.0,0.0,0.040045977,0.0016353057,0.0,0.0005564884,0.025166148,0.042175464,0.0,0.0,0.004135082,0.008389007,0.0,0.0,0.0025470224,0.0,0.0014289642,0.0,0.0017624339,0.06171735,3.8289294e-05,0.46591195,0.0,0.0,0.0,1.2102156,0.0,0.0,0.0,0.0005752122,0.2470321,0.0,0.0,0.0,0.0,0.0,0.019154428,0.0014742564,0.0013964297,0.020903116,0.0,0.0,0.06163352,0.0,0.030264648,0.0,0.014896333,0.0,0.31583524,0.0014015412,0.0,0.0,0.0,0.023997651,0.24043168,0.0,0.12060553,0.0,0.009609649,0.0,0.0,0.018010387,0.0,0.00020960947,0.035900503,0.05788919,0.0,0.0,0.0,0.0,0.00154787,0.0,0.0,0.6140549,0.0,0.0,0.0072336756,0.008223156,0.0,0.0,0.0,0.0,0.0,0.0,0.0,0.040184654,0.0002474274,0.0,0.0,0.0,0.0,0.0,0.0,0.090914495,0.031942528,0.0,0.0,0.0,0.0,0.0,0.0,0.0031344818,0.0,0.00012333783,0.0,0.0,0.17895551,0.0,0.0,0.0,0.0,0.0,0.0031942355,0.0,0.0,0.0,0.056893703,0.0,0.0,0.0,0.0015811434,0.0,0.058458403,0.0,0.0013573638,0.0,0.0,0.010901422,0.0,0.0,0.0,0.047784965,0.0,0.0,0.036412846,0.0,0.0,0.06665841,0.00032242222,0.08823332,0.013199611,0.0,0.0,0.0,0.022505736,0.02480303,0.023088781,0.0,0.43211553,0.065018535,0.0069770995,0.0,0.0,0.0,0.010274768,0.003399439,0.20240687,0.0,0.0,0.0,0.0,0.0,0.012774198,0.0,0.003265606,0.03314717,0.0,0.0,0.0,0.00058071647,0.0,0.09706519,0.002946046,0.0017984193,0.0,0.0,0.0,0.0066606146,0.0,0.0,0.017828273,0.0,0.0,0.0,0.0,0.0,0.028970426,0.0,0.0,0.070941985,0.0,0.0,0.0,0.0041689533,0.0,0.0,0.0,0.0,0.0,0.0,0.0,0.0,0.0,0.0,0.0012262962,0.0,0.03954037,0.0,0.0151889855,0.0,0.0053545176,0.0,0.02775902,0.0,0.017358014,0.002738874,0.0,0.0,0.0035445276,0.0,0.048207186,0.0,0.022943141,0.029083602,0.0032230548,0.0,0.0,0.0,0.0,0.0,7.90832e-05,0.0,0.0,0.13496175,0.0,0.0,0.0,0.0,0.0,0.34780225,0.040033728,0.17335506,0.0,0.17483586,0.005335416,0.048175443,0.0070961057,0.0,0.0,0.0,0.0,0.0,0.0,0.0,0.00020265579,0.0041093244,0.000552158,0.0,0.0,0.23643409,0.43767202,0.0,0.0,0.0,0.0,0.0,0.0,0.0,0.0,0.013627549,0.0,0.059035733,0.0,0.0,0.045505963,0.00075837027,0.0,0.016002938,0.0045183045,0.0,0.0,0.0030870785,0.0,0.34565273,0.0,0.0,0.03578981,0.0,0.003013083,0.0663779,0.016507708,0.01661563,0.0,0.0,0.011997096,0.22503802,0.002617574,0.0,0.0,0.16335139,0.0,0.0,0.009437029,0.084147744,0.009803235,0.01790829,0.0,0.0,0.0025676466,0.0,0.0054985345,0.12748066,0.0,0.0,0.002079957,0.0,0.020196315,0.0,0.0,0.0,0.0024536282,0.0,0.0,0.0,0.0,0.0,0.0,0.0,0.0,0.0,0.0,0.0,0.0015067811,0.0,0.0,0.0,0.0,0.023730205,0.009798384,0.014415887,0.0009016772,0.0,0.0,0.019052165,0.021574592,0.0,0.0,0.00040164028,0.0,0.0,0.0,0.0,0.0,0.0,0.004453849,0.024565576,0.0,0.0,0.28329813,0.0,0.0,0.23403539,0.0,0.0,0.055430047,0.0,0.0,0.010957729,0.0,0.011142826,0.0,0.0,0.0,0.0,0.0,0.0058021545,0.0,0.0,0.0,0.08275527,0.0,0.030849671,0.0,0.0,0.0,0.0,0.0,0.0,0.011077801,0.018063439,0.0,0.0,0.0,0.0,0.001584806,0.0,0.0,0.0,0.0,0.0,0.0,0.0,0.1769394,0.0,0.0,0.065640114,0.0,0.0,0.0,0.0,0.0,0.04130373,0.0,0.0,0.0,0.0,0.0,0.0,0.0,0.0014906562,0.0,0.0,0.0,0.0,0.0077653793,0.002848686,0.0,0.047363445,0.0,0.0,0.0,0.0,0.0,0.0,0.013555028,0.0,0.0,0.0,0.49577013,0.0,0.0,0.0035919517,0.015425782,0.055590365,0.0,0.0,0.0,0.00038760292,0.0,0.015747093,0.001781255,0.0,0.0,0.0,0.00515804,0.0075609023,0.0,0.0,0.0,0.009699748,0.0,0.018980121,0.0,0.0,0.0,0.0,0.0,0.90719634,0.029099872,0.010930885,0.0,0.0,0.0,0.018120434,0.041789502,0.0,0.0,0.023037547,0.0,0.010968777,0.0,0.07827229,0.023249237,0.0,0.0,0.0,0.0,0.0022333933,0.0,0.0,0.0007780512,0.0,0.0,0.0,0.2789832,0.0,0.0,0.0,0.0,0.0,0.0,0.0,0.0,0.0,0.006377647,0.0,0.0,0.0,0.0,0.0,0.026244586,0.0,0.033105962,0.0,0.00051276886,0.0,0.0,0.0,0.0,0.0,0.0,0.0075884904,0.006669805,0.16298498,0.0,0.00097115187,0.009575613,0.0,0.0,0.046617083,0.028239338,0.43171778,0.0,0.0,0.0,0.0,0.0,0.0,0.0,0.014271473,0.0,0.0,0.0,0.0,0.0017605752,0.0,0.0,0.0,0.2038844,0.0,0.0,0.0,0.017005375,0.0,0.0,0.0,0.0,0.0,0.00899807,0.06375848,0.019219492,0.016168114,0.0,0.0,0.0027360746,0.0,0.0,0.0,0.0,0.0,0.028954832,0.0,0.0,0.0,0.0,0.0,0.011092553,0.0,0.0,0.0,0.0,0.007317825,0.0,0.0,0.2403645,0.0,0.024708113,0.0,0.0,0.0,0.16002324,0.0,0.0,0.0,0.028547572,0.0,0.39058232,0.0,0.0,0.0,0.0,0.0,0.0,0.0,0.0,0.0,0.021830155,0.0,0.00033171324,0.0,0.0,0.0,0.0,0.026711894,0.0,0.018621296,0.0,0.0,0.27054414,0.0,0.0,0.0,0.0,0.0,0.025697496,0.0,0.0,0.0,0.0,0.0,0.0,0.0,0.0068642045,0.0,0.0,0.0,0.007552895,0.0,0.0,0.0,0.0,0.0,0.0,0.014981921,0.0,0.0,0.0,0.0,0.0,0.0,0.0,0.0,0.0,0.0,0.0,0.0,0.0,0.025700204,0.065806955,0.025300011,0.006873262,0.016718049,0.0,0.0005442999,0.0,0.0,0.0,0.0,0.0,0.0007232837,0.36638492,0.0,0.031266168,0.0,0.0,0.0,0.03921521,0.0,0.0,0.0,0.0,0.0,0.024769098,0.0,0.0,0.017274791,0.0,0.0,0.0005379453,0.0,0.0034878012,0.0,0.0,0.19982028,0.01680702,0.0,0.011100216,0.009613545,0.15321374,0.0,0.0,0.0,0.0,0.0,0.0,0.0,0.0,0.05145976,0.0,0.0,0.0,0.0,0.0,0.0,0.0,0.0,0.0,0.0,0.0,0.0,0.0,0.0,0.0,0.0,0.0,0.0,0.021528488,0.0,0.008883801,0.0,0.0,0.0,2.9084482e-05,0.0,0.0008892064,0.0,0.0,0.0017129888,0.0,0.0,0.0,0.010837925,0.31950012,0.0,0.022910181,0.0029131684,0.0,0.0,0.0,0.0,0.0,0.0,0.0,0.0,0.0,0.00044632202,0.022732006,0.0,0.0,0.0,0.0,0.0,0.0,0.0,0.0,0.0,0.0,0.0,0.0,0.0,0.0,0.012070297,0.0,0.0,0.005113789,0.0049465676,0.0,0.0,0.0,0.0,0.0,0.18717209,0.0,0.023297159,0.0031874022,0.0,0.0,0.0035527416,0.0,0.0007651068,0.0,0.0,0.048133932,0.0,0.0,0.0,0.0,0.0,0.000586853,0.0,0.0,0.0,0.0,0.0,0.0,0.0,0.0,0.0,0.0,0.0,9.641538e-05,0.0,0.48771518,0.0,0.0,0.0,0.0,0.0,0.0,0.0,0.0,0.0,0.010329373,0.0,0.0,0.0,0.0,0.0015488656,0.02046315,0.0,0.0,0.0,0.0,0.0,0.0,0.012182396,0.0,0.006147961,0.0,0.0,0.13420123,0.0,0.0,0.0,0.0,0.0,0.0,0.0,0.0,0.0,0.08013939,0.0,0.0,0.0,0.0,0.0,0.035827648,0.0,0.0,0.020572482,0.0,0.0,0.0,0.0,0.0,0.0069486136,0.0,0.0,0.0040382403,0.0,0.0,0.0,0.0,0.0,0.0,0.0,0.0,0.0,0.008814101,0.0,0.25570047,0.00046135942,0.0,0.0,0.0866939,0.06559144,0.054704178,0.0,0.0,0.64765805,0.0,0.0,0.0,0.0,0.0,0.0,0.00063082244,0.08057409,0.0,0.0,0.0,0.0,0.0,0.0,0.0,0.0,0.0,0.0,0.0,0.02783768,0.0,0.0,0.0,0.0,0.0,0.0,0.0047375862,0.0,0.0,0.0,0.0,0.0,0.0,0.0027073976,0.009939455,0.0,0.005975088,0.0,0.0,0.0,0.0,0.0,0.0,0.09331502,0.0020142572,0.03591679,0.0,0.0,0.0,0.024239482,0.0,0.049991827,0.0122763505,0.0,0.04253784,0.0,0.0,0.0066740327,0.0,0.0,0.02126627,0.0,0.0,0.009587128,0.0,0.0,0.0019051372,0.0,0.0097317975,0.0,0.09680073,0.0,0.06959428,0.0,0.0,0.0,0.0,0.0,0.0,0.0,0.0,0.0053833006,0.0,0.5582599,0.0,0.0,0.0,0.0,0.0,0.0,0.0,0.0,0.0,0.0,0.0,0.0,0.019491078,0.0,0.0149046,0.0,0.0,0.0,0.0,0.0,0.0,0.0,0.0,0.016214581,0.0,0.0,0.0,0.0,0.009400984,0.0,0.0,0.0,0.0,0.0,0.042336904,0.0,0.0,0.0,0.07501226,7.279065e-05,0.0,0.0,0.0,0.005083159,0.0,0.0004513434,0.0061124233,0.0,0.0,0.0020040201,0.0016465764,0.0,0.0,0.041125413,0.011777751,0.00046088622,0.05004532,0.0058839237,0.0,0.0,0.5622332,0.0,0.0,0.15310536,0.0,0.0,0.0,0.0,0.0,0.0,0.0,0.005975198,0.0,0.0,0.011477609,0.0,0.19513993,0.0,0.0,0.0060399906,0.0,0.0,0.007513175,0.0,0.0,0.0,0.031838365,0.0,0.0,0.0,0.014754212,0.026968176,0.0,0.018863503,0.0,0.0,0.036194626,0.0,0.0,0.0,0.0,0.009604911,0.0,0.0,0.0005392152,0.0,0.0,0.0,0.0,0.0,0.070133455,0.0,0.0,0.0,0.0,0.0,0.0,0.029003724,0.0,0.008620926,0.005420545,0.0,0.0077772457,0.0,0.05034001,0.5401826,0.0,0.0,0.0004171051,0.0,0.0,0.0,0.0,0.06293797,0.0,0.0,0.0,0.011077322,0.0,0.0,0.014900494,0.0010085338,0.001990333,0.0,0.031290706,0.054538835,0.0028735376,0.0,0.0,0.0,0.18782406,0.0051938393,0.0,0.010635629,0.0,0.00935519,0.037727606,0.0,0.0,0.0,0.00416401,0.0,0.0,0.0,0.0,0.0,0.004895669,0.0,0.0,0.0,0.0013500495,0.0,0.0,0.0,0.0,0.0074220197,0.0,0.006103438,0.03258414,0.008810253,0.0,0.0,0.0,0.0,0.0,1.0839627,0.0,0.0,0.004403601,0.049685594,0.050903335,0.014218031,0.0,0.0,0.0,0.0,0.0,0.0,0.0,0.0,0.021568337,0.0,0.0,0.0,0.0,0.06880566,0.04541322,0.0,0.0,0.0,0.0,0.010942152,0.018435208,0.0,0.0,0.0,0.09197623,0.0,0.0,0.2222447,0.0,0.0,0.0,0.0,0.0,0.0,0.0,0.0,0.0,0.00760324,0.0,0.0,0.0,0.0,0.030340908,0.0,0.0,0.01645918,0.00939839,0.049528986,0.0,0.0,0.0,0.0,0.3022989,0.008671299,0.0,0.0,0.0,0.0,0.0,0.0,0.0,0.0,0.0,0.0010173442,0.0,0.0,0.00991771,0.0,0.0,0.0,0.0207728,0.0,0.0010963929,0.0,0.0,0.0,0.006707802,0.0,0.0,0.0,0.0,0.0,0.0,0.0,0.0,0.0,0.022560842,0.22571047,0.0,0.0,0.0,0.0,0.015949896,0.0,0.0,0.05175266,0.0,0.04763535,0.0,0.047556926,0.0,0.33972648,0.0016199292,0.0,0.0,0.0,0.0,0.0,0.0,0.0,0.06261842,0.0,0.0,0.0,0.004380635,0.014309207,0.0,0.0017837213,0.0,0.0034353246,0.0,0.0,0.0,0.014181923,0.0,0.024136351,0.0,0.0,0.01989862,0.0,0.0,0.0,0.011348732,0.0,0.0,0.0,0.0,0.00025987017,0.0,0.0,0.0,0.0,0.0,0.0,0.0,0.0,0.0,0.0,0.0,0.0,0.00043189983,0.0,0.0,0.0,0.07629227,0.0,0.0,0.0063598775,0.012497059,0.0,0.0,0.0038356343,0.0,0.13873982,0.0,0.0,0.0,0.0026690462,0.06147251,0.008975037,0.0,0.0,0.0,0.028408304,0.0,0.0,0.0,0.0,0.0029297995,0.0,0.0,0.0461346,0.023287965,0.00042968016,0.0,0.0,0.0060633593,0.0,0.0,0.0,0.0,0.0,0.0,0.0,0.0092053125,0.03571879,0.0,0.0,0.0,0.0,0.0,0.0,0.0,0.0,0.0,0.0,0.0,0.0,0.0,0.0,0.0,0.0,0.0,0.0,0.0,0.0,0.12544322,0.0,0.011436686,0.0645256,0.0,0.0,0.0,0.009530194,0.0,0.0191542,0.0,0.028367322,0.002204698,0.0,0.0006713636,0.0,0.0,5.989767e-05,0.015496142,0.0639157,0.008938074,0.0,0.0,0.0,0.0,0.0,0.0,0.0,0.0,0.0,0.0,0.0,0.0,0.0022655483,0.04604114,0.0022103277,0.0,0.001894468,0.00019345296,0.0,0.0,0.006587786,0.0,0.11482572,0.0,0.0,0.0,0.0,0.0,0.0,0.0,0.0,0.0,0.00270364,0.0,0.0,0.11461618,0.0,0.0,0.0,0.0,0.0,0.0007842682,0.0007732105,0.0,0.0006099964,0.0,0.0,0.0,0.0,0.002939144,0.0,0.0,0.0,0.0,0.0069181942,0.0,0.0031412062,0.0,0.0,0.0,0.0,0.0,0.0,0.0,0.0,0.0,0.18916252,0.0,0.0,0.0,0.0,0.0,0.0,0.0,0.0,0.072716914,0.0,0.0,3.1692034e-05,0.0049085952,0.0,0.0,0.0,0.0,0.0,0.0,0.0,0.0,0.6144371,0.0,0.0,0.0,0.0,0.0,0.0005492021,0.0,0.0021702885,0.0,0.0,0.0,0.0,0.08851375,0.0,0.0,0.0,0.0,0.0,0.0,0.0078885965,0.003720697,0.0,0.0,0.0,0.078478366,0.0,0.0,0.0,0.0034425089,0.0,0.0,0.007704063,0.0,0.0,0.0,0.0,0.055843033,0.009929352,0.0,0.0,0.0,0.0,0.0,0.0,0.0,0.0,0.0,0.0,0.021490645,0.0,0.0,0.0,0.0,0.0,0.0,0.0,0.0,0.0,0.0,0.0,0.0,0.0135373315,0.0,0.0027374444,0.0,0.0,0.0,0.0,0.0,0.0085825985,0.008980702,0.0,0.0,0.0,0.0,0.0,0.0,0.0,0.02978312,0.0,0.0,0.009497527,0.0,0.0,0.29483792,0.64762145,0.0,0.0,0.0,0.0,0.0018105118,0.0,0.0,0.0,0.3155915,0.0,0.0,0.011086924,0.0,0.0039543496,0.0,0.1054006,0.0,0.011646575,0.00016915509,0.0,0.088576786,0.0,0.48338968,0.0,0.0,0.010412743,0.0,0.0,0.0,0.09641672,0.0,0.0,0.0,0.0,0.0,0.0,0.007675755,0.0,0.3616057,0.0,0.0,0.0,0.0,0.0,0.054030325,0.021797728,0.0,0.011847282,0.0,0.0037266454,0.1516342,0.0,0.1804524,0.0,0.07488886,0.0,0.0398667,0.00877733,0.11694505,0.052345764,0.0,0.0,0.0,0.28151298,0.0,0.013217725,0.03333238,0.0,0.0,0.0,0.0,0.003551865,0.0,0.0,0.27723774,0.034925733,0.0,0.0,0.0,0.0,0.004907817,0.04370484,0.0,0.002074961,0.0,0.0,0.0,0.0,0.0,0.0,0.0,0.0,0.002036939,0.0,0.0019460405,0.0,0.0,0.0,0.0,0.0,0.0,0.0,0.0,0.0,0.0,0.0,0.0076062884,0.009373552,0.0,0.0,0.0,0.0,0.0,0.0,0.0,0.0,0.0,0.013524135,0.0,0.006372044,0.0,0.0,0.0,0.0,0.0,0.0,0.0,0.0,0.0,0.041821465,0.0,0.0,0.0,0.025251582,0.0,0.019779004,0.0,0.0,0.0,0.0,0.0030943179,0.014199491,0.0,0.0,0.0,0.0,0.0,0.0,0.0,0.0,0.0,0.0,0.0,0.028505081,0.002888773,0.0,0.0,0.0,0.15296048,0.009336688,0.0,0.0,0.0,0.0,0.0,0.009746671,0.0,0.0,0.0,0.0,0.0,0.0,0.0,0.0,0.0,0.0,0.03556503,0.06494368,0.0,0.031453643,0.016597206,0.044707034,0.007449734,0.0005250561,0.0,0.0,0.0,0.0,0.0,0.0,0.0,0.0,0.0,0.0,0.0,0.0,0.0,0.010949726,0.0008078108,0.0006617283,0.0,0.0,0.0,0.0,0.0,0.0,0.0,0.0,0.0,0.0,0.02055114,0.06385106,0.0,0.0,0.01352795,0.0,0.0,0.0,0.0,0.0,0.0,0.0012944444,0.0037799904,0.0,0.06559549,0.012531161,0.0,0.00044150863,0.0,0.014545971,0.015804939,0.0,0.0007537333,0.0,0.0,0.02602202,0.015984273,0.11486299,0.011897565,0.0,0.0035898297,0.0,0.0026336235,0.0,0.0,0.0043735025,0.0,0.0,0.0,4.280587e-06,0.0,0.0,0.009420076,0.0,0.0,0.0,0.0,0.0,0.0,0.0,0.0,0.0,0.0,0.014164075,0.0,0.0,0.013862682,0.0,0.0,0.0,0.0,0.061842598,0.0,0.0,0.03517891,0.0,0.0,0.026051737,0.0069294893,0.0,0.005958752,0.00060110557,0.0,0.0,0.0,0.03372472,0.0,0.007129633,0.009398903,0.0,0.0,0.0,0.0,0.009377588,0.0113954935,0.0,0.0,0.0,0.0,0.0,0.0,0.0,0.0,0.0010481841,0.0,0.0,0.0,0.40067872,0.0,0.012998233,0.0,0.0,0.0,0.0054042353,0.0,0.0,0.0,0.0,0.22421584,0.0,0.0053553823,0.0,0.0,0.006717972,0.0,0.0,0.0,0.0,0.0,0.0,0.0,0.0,0.0,0.0,0.007414987,0.0,0.0005389184,0.0,0.007553154,0.0,0.0,0.0,0.015337471,0.056948837,0.0,0.0,0.0,0.0078087244,0.0,0.0631246,0.0,0.0,0.0,0.0,0.0,0.037571453,0.0,0.0,0.07337595,0.018746471,0.0,0.0,0.0,0.04019117,0.0,0.0,0.0,0.01907515,0.0,0.0,0.0,0.08707492,0.0,0.0,0.029149491,0.028087422,0.0,0.006205004,0.0076957163,0.0,0.008490844,0.007385012,0.0,0.0,0.0,0.0,0.0,0.02014334,0.0,0.0,0.0,0.0,0.0,0.0,0.0,0.0,0.0,0.0,0.006720239,0.26953185,0.0,0.0,0.0,0.001895283,8.2412545e-05,0.0,0.0,0.0,0.0,0.044655833,0.038588695,0.0,0.0,0.0,0.0,0.0,0.0,0.0,0.0026424173,0.19846326,0.0,0.0,0.0,0.025891528,0.0,0.0,0.08088062,0.0,0.0,0.0,0.0,0.0028912534,0.0,0.018324865,0.0,0.0,0.0,0.0,0.0,0.0,0.004304947,0.0,0.003507461,0.00032491464,0.0,0.0,0.0,9.128269e-05,0.0017887488,0.0,0.0,0.00059417315,0.0,0.0,0.00075501204,0.0,0.00065938244,0.007895083,0.0,0.0,0.0,0.0,0.0,0.0,0.0032765574,0.0,0.0,0.0,0.40899432,0.0,0.014864997,0.0,0.0,0.0,0.0,0.0,0.084350355,0.0,0.0,0.0,0.029288793,0.012959344,0.0,0.01871039,0.0,0.0,0.0,0.0,0.0,0.002580927,0.0,0.004951711,0.0,0.0,0.0,0.0015850822,0.0,0.010019409,0.0,0.051191393,0.03711708,0.0,0.0,0.0,0.0,0.0,0.0,0.00030915227,0.0,0.043886293,0.0,0.0,0.0,0.0,0.0,0.0,0.0,0.0,0.0,0.0073929345,0.0,0.0012811732,0.08480619,0.0,0.0,0.04999855,0.0,0.0,0.04070342,0.0,0.0,0.0,0.0044756555,0.0,0.021445496,0.0011024658,0.38531533,0.0,0.0,0.0,0.0,0.0,0.0,0.0006731466,0.0,0.0,0.0,0.0,0.0,0.0,0.0,0.0,0.0,0.0,0.0,0.0,0.0,0.0,0.048301127,0.021024782,0.0016707303,0.0,0.08029503,0.003652816,0.006622424,0.0,0.0,0.0016627104,0.0,0.008510485,0.0,0.0,0.010364824,0.014241323,0.0,0.0,0.0,0.0,0.0,0.0,0.002615368,0.0029074976,0.0017517441,0.1682812,0.0,0.0,0.0006488537,0.0,0.0,0.0,0.0,0.0,0.014722396,0.0,0.011764336,0.03160922,0.0,0.0,0.01792305,0.0,0.0,0.0,0.0,0.0,0.0,0.07398431,0.39636374,0.0,0.0,0.010907628,0.0,0.10433067,0.032131366,0.0,0.0,0.0,0.0,0.0,0.0,0.0,0.0,0.08145386,0.0,0.0,0.0,0.009132726,0.008664591,0.0,0.0,0.0034215646,0.0,0.0,0.0,0.0,0.03941695,0.0,0.0,0.0,0.0,0.021111209,0.026417136,0.0,0.07317563,0.0,0.0,0.0,0.09285342,0.0,0.0,0.0,0.0,0.0,0.012213143,0.08137804,0.0,0.00062033354,0.0,0.0,0.0,0.0,0.021321164,0.01081682,0.020377561,0.0,0.0,0.012444404,0.0,0.0,0.0,0.045111194,0.0,0.0,0.0,0.00061033695,0.0,0.0,0.0,0.0148685705,0.0,0.0,0.0,0.01661946,0.0,0.0,0.0014714793,0.0,0.0,0.0,0.01196039,0.0,0.0,0.0,0.0,0.0,0.0,0.0,0.3575157,0.008499097,0.0,0.0,0.06421845,0.0,0.0,0.0031797946,0.0001811367,0.0,0.0,0.0,0.0,0.0,0.007166889,0.021025795,0.03441198,0.0,0.0076587563,0.0,0.0,0.0,0.0,0.0,0.0,0.0,0.0,0.0,0.0,0.0,0.0,0.38662398,0.0,0.0,0.0,0.0,0.0,0.030482009,0.0,0.0026669316,0.098413445,0.0,0.055040084,0.0,0.034387592,0.0,0.0,0.0,0.030901335,0.0,0.0,0.0,0.0,0.0,0.0,0.0,0.12472299,0.0,0.0,0.0,0.0022132616,0.0,0.0,0.006355294,0.0895962,0.0,0.0,0.059086215,0.95760524,0.04493923,0.017353604,0.0,0.0,0.0,0.0,0.007791894,0.0,0.0,0.0,0.0,0.004904046,0.0,0.082344286,0.003929789,0.0036815964,0.0,0.0071254508,0.0142092,0.0,0.03588091,0.012716522,0.15450317,0.0,0.04188146,0.046431452,0.0,0.0,0.0,0.01355511,0.20164171,0.0,0.0,0.0,0.0,0.0,0.0,0.0,0.0030094434,0.0,0.0,0.0,0.0,0.0,0.010838988,0.0,0.0,0.002874608,0.0,0.0,0.0,0.0,0.00045704172,0.036379144,kennedy3.jpg
3,0.0,0.058675684,0.0,0.012392608,0.0,0.0020068751,0.0028605375,0.0,0.0,0.0,0.03078092,0.009559928,0.0,0.0,0.36453006,0.0,0.00079485105,0.019873753,0.30221587,0.028305132,0.0,0.0,0.0,0.0,0.0,0.0,0.0,0.0,0.0,0.0,0.0,0.0,0.0,0.0,0.0,0.0,0.013431001,0.0,0.0010543733,0.0,0.0,0.033958882,0.0,0.0,0.0,0.0,0.0,0.0,0.0,0.0,0.0,0.00739304,0.0,0.0,0.0,0.0,0.0,0.0,0.16394031,0.0,0.0,0.0,0.0,0.0,0.0062169395,0.0,0.0,0.0,0.010637838,0.0,0.0,0.0,0.039836533,0.0,0.0,0.0,0.06099549,0.0046426826,0.0,0.0,0.0,0.0,0.02410676,0.0,0.0,0.015722869,0.0,0.0021677357,0.0,0.020062927,0.0,0.0,0.0,0.0,0.0,0.0,9.854229e-05,0.0,0.0,0.0015379707,0.0,0.0,0.0,0.0,0.0028528704,0.015204906,0.0,0.0,0.13722233,0.0,0.0,0.0,0.0,0.0053579663,0.014176855,0.0,0.13412976,0.0,0.0,0.0,0.0,0.0,0.03151911,0.040612698,0.0,0.0015236106,0.040333737,0.0,0.0,0.005618357,0.0,0.0,0.0031654593,0.0062196814,0.0,0.0,0.0,0.0,0.0,0.0,0.0,0.0,0.0,0.0091536,0.0,0.0019598834,0.0,0.0,0.0,0.0,0.0,0.008180978,0.008469094,0.017954335,0.0,0.0,0.0031396581,0.0,0.0,0.0,0.0,0.0,0.0,0.108574815,0.0,0.0,0.0,0.06037342,0.0,0.04931178,0.0,0.0,0.0,0.008048447,0.0,0.11074416,0.0,0.0,0.018479262,0.0,0.0,0.0107495,0.0,0.00610434,0.0,0.0,0.049262602,0.0025519668,0.0,0.0,0.0,0.0031013684,0.0,0.0030516319,0.013735786,0.0,0.0,0.0,0.0,0.09204641,0.006063325,0.0,0.0,0.0,0.00697822,0.0,0.0,0.0,0.0,0.023695407,0.0,0.008634933,0.0,0.0,0.023566332,0.0,0.0,0.02896602,0.0,0.0003092362,0.042343553,0.02709798,0.0,0.0040055155,0.00034503228,0.0,0.0,0.0,0.0,0.020385677,0.0,0.0,0.0,0.0,0.0020539511,0.0,0.0,0.0,0.0,0.0020105888,0.0,0.0,0.0,0.0,0.026920447,0.0,0.0,0.0,0.0010484055,0.0,0.0,0.0,0.0,0.0,0.0,0.005010664,0.020572279,0.0,0.0,0.0,0.0,0.023983397,0.05551917,0.0,0.0,0.0,0.026150841,0.0,0.0,7.637302e-06,0.024051227,0.0,0.0,0.0,0.0,0.062295876,0.09122231,0.0,0.0,0.0,0.013892797,0.02111311,0.04193281,0.011761161,0.0,0.014017174,0.015951334,0.021710068,0.0,0.0,0.15688042,0.0,0.0,0.0,0.102206126,0.012349371,0.0059242942,0.0,0.0067007774,0.010660395,0.0,0.0,0.0,0.0,0.0,0.00096744084,0.0009526452,0.0051211496,0.0,0.0,0.20079963,4.112477e-05,0.012151077,0.010596576,0.0,0.0,0.0,0.0,0.0,0.008212047,0.0,0.015576009,0.0,0.0,0.0,0.00096724986,0.0,0.41328415,0.0,0.0,6.553592e-05,0.0,0.0,0.0,0.0,0.0,0.0,0.36096016,0.0,0.0,0.021754501,0.0,0.0,0.0,0.0,0.0,0.0,0.0,0.0,0.0,0.0,0.0,0.0,0.029111082,0.05737186,0.0009946604,0.0010051542,0.0,0.0,0.040614795,0.024644732,0.21272565,0.15689616,0.0,0.0,0.0,0.0,0.0,0.0,0.0,0.0,0.019253287,0.0,0.057487484,0.0,0.0029064764,0.0,0.0,0.0,0.0,0.0,0.01575225,0.029049816,0.0,0.0,0.00252259,0.0,0.0058609843,0.0,0.0,0.0,0.0,0.0,0.02179052,0.003572391,0.0,0.0,0.0,0.004381161,0.01980998,0.0,0.0,0.0,0.0,0.0,0.0,0.047440972,0.06593486,0.0012731552,0.0,0.0056758304,0.0,0.022181068,0.0,0.0,0.0,0.0,0.0006919953,0.0,0.0,0.0,0.0,0.0,0.0,0.0,0.01971877,0.0,0.0,0.0039374,0.015287631,0.0,0.0,0.0093817795,0.0,0.0,0.008719852,0.0,0.03037162,0.031697985,0.31539425,0.0,0.0,0.0,0.5054988,0.08615378,0.0,0.0,0.0,0.045215253,0.0012908721,0.0045064543,0.0,0.00021343815,0.0,0.0,0.0,0.0,0.0,0.0,0.0,0.0,0.0,0.0,0.0,0.0,0.031806074,0.35660186,0.29525036,0.0,0.036530364,0.21047162,0.0,0.016225722,0.0,0.0,0.001852724,0.0837769,0.0,0.00015092627,0.0,0.008502311,0.0,0.0,0.0,0.0,0.0,0.0,0.009646749,0.009705851,0.0,0.009755842,0.0,0.0,0.0,0.016179016,0.0,0.0,0.0,0.0,0.27784815,0.0,0.00061550987,0.0,0.124459796,0.0,0.0,0.14058961,0.025963182,0.0,0.0,0.059476834,0.0,0.0026087214,0.0,0.0,0.0,0.0,0.0,0.00020698503,0.0,0.0,0.0,0.0,0.09624414,0.0,0.00032494505,0.0010441979,0.011712049,0.0009884129,0.0,0.0,0.016087145,0.19050206,0.061668158,0.0,0.0,0.0,0.0,0.0,0.23945001,0.0,0.0,0.12477153,0.300402,0.0,0.0,0.00039224478,0.0,0.0,0.0,0.0,0.0,0.0,0.0,0.20521452,0.026872013,0.0,0.013216242,0.0,0.0,0.0074901003,0.0,0.10570974,0.20580001,0.0,0.014159968,0.0,0.088166624,0.031834777,0.0,0.0,0.0,0.0,0.0,0.0,0.0136230625,0.0,0.0,0.030639084,0.027054928,0.0055685723,0.0,0.5949657,0.0,0.0,0.0,0.022103582,0.0,0.0,0.0,0.0,0.0,0.0,0.0,0.0,0.0,0.0128802415,0.04125238,0.0,0.002625207,0.03842258,0.0,0.0,0.028283216,0.07434632,0.0,0.10427647,0.0022221159,0.0,0.0,0.0,0.0,0.0,0.0,0.030675117,0.020678602,0.0,0.0,0.002404629,0.0,0.0,0.0,0.014090976,0.0,0.0,0.0,0.00018763026,0.0,0.0,0.0,0.0,0.0,0.026763687,0.29052323,0.0,0.0022202488,0.052631788,0.0017653959,0.0,0.0,0.0,0.0,0.0,0.0,0.0,0.0,0.0,0.0,0.12546128,0.011871092,0.009560492,0.0,0.0,0.011308972,0.033560954,0.0,0.0,0.0,0.003676983,0.0,0.022623207,0.00010158699,0.0,0.0007840103,0.0,0.0,0.0,0.0,0.0,0.030386,0.002555594,0.0,0.0,0.0,0.008042436,0.0,0.0,0.0,1.0338683,0.0,0.0,0.0,0.0,0.0006018093,0.033735745,0.0047073145,0.03273566,0.0,0.0,0.000404988,0.0,0.040874217,0.0,0.0,0.008701952,6.9822585e-05,0.0,0.0,0.0,0.0,0.0,0.0,0.0,0.0,0.0,0.0069213444,0.031675905,0.0,0.0,0.0,0.00024630709,0.0,0.0,0.017008625,0.0028551794,0.0,0.0035747886,0.0,0.0,0.0,0.033714123,0.006437854,0.0,0.15774296,0.0026494763,0.0,0.0,0.0,0.0,0.0,0.0,0.0,0.0,0.0032712591,0.0,0.04747663,0.0054923915,0.0,0.0019708471,0.0,0.28411856,0.0071302834,0.0,0.2830949,0.01698804,0.0014848515,0.0,0.0,0.0,0.024644623,0.0,0.0006261509,0.013564558,0.040688384,0.0,0.00030375988,0.0,0.061842706,0.28294447,0.0,0.0059005194,0.062941834,0.0,0.0,0.0,0.00555734,0.0,0.0,0.0,0.041599575,0.0075103207,0.0,0.0,0.0,0.0,0.0,0.10811826,0.019452358,0.0,0.0,0.0,0.0,0.0,0.0,0.0,0.08587065,0.0,0.0,0.0,0.0,0.014457586,0.0,0.0,0.0,0.0,0.0,0.007231015,0.0,0.0,0.0,0.0047764364,0.0040168944,0.0,0.0,0.031765938,0.0,0.024726266,0.0,0.0,0.0008726266,0.0,0.0010212641,0.00046337867,0.17352402,0.10511461,0.0004267133,0.0,0.0,0.018320423,0.0,0.0,0.0,0.0,0.0,0.0027320774,0.0,0.09766639,0.0,0.0,0.0,0.0008237964,0.0,0.038599133,0.02277476,0.0,0.0,0.0,0.0,0.17920774,0.0,0.0010242754,0.03155893,0.020680469,0.0038031924,0.0,0.028869584,0.0,0.0,0.0,0.0,0.0,0.0,0.008866971,0.024830708,0.0025251836,0.0,0.003647027,0.0,0.0,0.0,0.013364799,0.0017482517,0.0064083557,0.0,0.00046736794,0.0,0.0,0.0,0.06555318,0.0,0.44902265,0.066444606,0.0,0.0,0.0,0.026464142,0.0014379025,0.018517552,0.0,0.017896801,0.0,0.0,0.008565761,0.12805597,0.0,0.0,0.0,0.0,0.0,0.016611684,0.0,0.0,0.0,0.0085470425,0.14528158,0.0,0.0010153335,0.0,0.0,0.0,0.0,0.0,0.0,0.0,0.0,0.028630627,0.0,0.0,0.053732082,0.0,0.0,0.00044859308,0.0,0.0,0.0,0.0,0.0,0.001365393,0.0,0.0,0.0,0.0,0.0,0.0,0.0,0.0,0.0,0.0,0.0,0.0,0.0057610213,0.0135320425,0.0,0.0,0.0,0.026884262,0.0,0.010770253,0.0,0.0,0.0,0.0,0.0,0.0,0.0,0.0,0.0,0.0,0.0354297,0.0,0.009637909,0.0,0.07485883,0.0,0.0,0.0,0.0,0.0,0.0,0.0,0.0,0.026406195,0.0,0.0,0.021696538,0.0049169324,0.0,0.0025961222,0.0,0.0,0.00022295787,0.0,0.0,0.0,0.0,0.0007480626,0.0,0.0,0.0,0.0,0.10737839,0.043158248,0.0,0.051662687,0.01036142,0.0,0.0,0.0,0.0,0.0,0.0,0.0,0.019306129,0.0018741562,0.0901689,0.0,0.32713816,0.0,0.0,0.0,0.0,0.068556316,0.013737416,0.0,0.0,0.0,0.10945336,0.0016640777,0.0,0.0,0.0,0.0,0.009813706,0.0,0.0,0.0,0.0,0.0,0.005253426,0.0,0.0,0.021931734,0.0,0.0,0.0067185345,0.051728413,0.0,0.0,0.0,0.0,0.0,0.0,0.0,0.0,0.0,0.0,0.0,0.0,0.0,0.0009132405,0.0,0.0,0.0,0.0,0.24252173,0.0,0.023015348,0.0,0.0,0.0,0.32693458,0.25842512,0.0,0.0,0.0,0.0023872347,0.0,0.03437375,0.0017638395,0.0,0.0,0.0061041336,0.09149545,0.14095093,0.013935408,0.0,0.0,0.0,0.0,0.0,0.0,0.0,0.0,0.0,0.0,0.0,0.055795494,0.0,0.047976412,0.0,0.0,0.037406333,0.015604115,0.0,0.0,0.0,0.0,0.0,0.0,0.0,0.0,0.0,0.008255309,0.0,0.0,0.0,0.0,0.0,0.0,0.0,0.0020395962,2.4103389e-05,0.0,0.0,0.014170204,0.014756686,0.0016385377,0.0,0.0,0.0,0.0,0.0,0.0,0.0,0.002990202,0.05320274,0.0,0.003550392,0.00027698034,0.0,0.029858412,0.0,0.0,0.0,0.0,0.22618861,0.0,0.18579254,0.0,0.071362205,0.0,0.00014145885,0.0,0.0,0.0,0.0,0.0,0.0,0.0,0.0,0.0,0.0,0.0,0.0,0.0,0.002797893,0.0,0.010461764,0.0,0.10520003,0.0,0.03557649,0.0,0.043987907,0.0,0.0,0.0,0.0,0.25717607,0.0,0.016777514,0.0,0.0,0.0,0.0,0.0,0.0,0.030443504,0.01562573,0.0,0.0,0.0018040161,0.0,0.027146865,0.0,0.0,0.0,0.0,0.0,0.0033159815,0.0,0.0,0.8820241,0.0036478005,0.0,0.0,0.0,0.0,0.0,0.16728261,0.0,0.0,0.0,0.0,0.0,0.02862237,0.0,0.03962642,0.0,0.0,0.0,0.0,0.0,0.0,0.024395147,0.0068737003,0.0033511508,0.0,0.0,0.0,0.016358847,0.0,0.0,0.0,0.0,0.0,0.0,0.0,0.0,0.005896026,0.010873235,0.0,0.0,0.0,0.014975178,0.0,0.0,0.0,0.02408613,0.0016363251,0.0,0.0,0.076542914,0.0,0.0,0.0,0.005565187,0.0,0.0,0.0,0.012282972,0.0,0.06350848,0.0,0.0,0.0,0.0,0.0040571345,0.0,0.0093760295,0.0,0.0,0.0,0.0,0.0,0.0,0.0,0.0,0.0,0.0,0.0,0.047085043,0.0,0.029952342,0.0,0.052418545,0.0,0.06013784,0.0,0.0,0.0,0.0,0.0,0.0,0.0,0.0040083816,0.004707632,0.0,0.011217754,0.124935426,0.011161976,0.0,0.026536658,0.0009305088,0.0,0.0,0.0,0.00012887255,0.0,0.0,0.0,0.006051532,0.0,0.0,0.0,0.0068522547,0.0,0.0,0.0,0.0,0.05248164,0.0,0.0,0.0,0.009955028,0.0,0.0,0.037654053,0.0,0.0,0.0,0.012251353,0.0,0.0,0.0,0.031139018,0.0,0.00052117574,0.0029312177,0.0,0.0045832857,0.0,0.0,0.0,0.015017584,0.00061044766,0.0,0.013183995,0.3476716,0.033128362,0.0,0.0,0.052798633,0.0,0.0,0.008417572,0.0,0.0,0.0,0.0066083227,0.0060664294,0.036860954,0.0,0.0,0.06762877,0.0,0.0,0.0,0.0,0.0,0.0020515122,0.0,0.0151869245,0.0,0.0,0.0,0.0,0.0,0.02886183,0.0,0.0,0.23987634,0.0,0.01353235,0.005525774,0.012658136,0.0,0.0,0.0,0.0,0.0,0.1506214,0.0,0.0,0.0,0.0070894836,0.021828126,0.008374624,0.0,0.0,0.00045459883,0.0,0.0,0.011306471,0.0,0.0,0.0,0.0,0.0,0.0,0.0,0.027508682,0.008627654,0.0,0.006409465,0.0,0.0,0.0,0.0,0.0,0.017411223,0.0057685873,0.050708544,0.0,0.057729177,0.0,0.0,0.0,0.010009165,0.0,0.004030817,0.009619212,0.0044056335,0.017185386,0.007971818,0.0,0.0,0.0,0.0,0.0,0.0,0.0,0.00056943396,0.55928147,0.0,0.008344161,0.0,0.0,0.12273443,0.0,0.00519852,0.0,0.0,0.0,0.0021592733,0.0,0.0,0.0,0.0,0.0,0.00074347795,0.0,0.0,0.006008849,0.0,0.0,0.0,0.0,0.0,0.0023496638,0.0,0.0056736823,0.029389063,0.018839002,0.1304957,0.0,0.0,0.0,0.0,0.0,0.0026988534,0.0,0.00059010787,0.0,0.0,0.0,0.0007106008,0.0,0.014798582,0.0,0.067208506,0.0,0.0,0.0,0.0028315356,0.0,0.0,0.0,0.0,0.16959895,0.0,0.0,0.0,0.1340104,0.0024043862,0.0,0.0,0.0,0.03111469,0.03127688,0.0,0.0,0.011432104,0.026753966,0.0,0.0,0.0,0.0,0.0,0.012766803,0.0,0.0,0.0,0.0,0.0,0.0,0.0076743867,0.0,0.0,0.0,0.0,0.01820519,0.0,0.0,0.0,0.0,0.0,0.0,0.0,0.0,0.0021319487,0.0,0.0,0.0022210407,0.005848792,0.0,0.0,0.009013566,0.0,0.0,0.04888957,0.00043939328,0.0,0.0012389974,0.002126797,0.021315243,0.0,0.0,0.0055029425,0.0015243693,0.0,0.0,0.009537141,0.0,0.0,0.017396651,0.0,0.09238547,0.0,0.0032905755,0.001350364,0.18866487,0.037072614,0.0,0.0,0.0,0.0,0.0,0.0014153321,0.043979257,0.0,0.0,0.0,0.003924578,0.0,0.0,0.009495396,0.006421797,0.0042293374,0.021706201,0.0,0.0,0.0,0.0,0.10088984,0.0,0.0,0.0,0.0,0.0,0.022885473,0.0,0.0,0.00173192,0.0,0.0,0.023275089,0.0,0.0,0.0,0.0,0.0,0.0,0.12693062,0.0021346528,0.18500894,0.0,0.08344737,0.0,0.0,0.0,0.0,0.006295394,0.0,0.0,0.0,0.0,0.0,0.0,0.0,0.0034128646,0.0,0.0,0.0,0.0,0.0,0.0,0.1647077,0.0,0.045371853,0.0,0.058219563,0.03217275,0.0,0.0,0.0,0.11546618,0.0457212,0.0,0.036068514,0.0,0.23445645,0.0,0.0,0.0,0.0,0.0015287314,0.0,0.03937727,0.0,0.0,0.0055506667,0.0,0.0,0.021245549,0.0,0.07646015,0.0,0.0,0.0,0.101757206,0.035104867,0.0,0.0,0.0337702,0.03751831,0.0,0.0034308701,0.01073496,0.0,0.0006423191,0.114941955,0.0,0.0,0.0,0.001283884,1.8130911e-05,0.03387303,0.0,0.0,0.0,0.0,0.08562699,0.048306923,0.0,0.0,0.0,0.0,0.0,0.021784788,0.0114446785,0.0,0.021715403,0.0,0.0,0.0,0.0,0.0,0.0,0.0,0.0,0.0,0.00016497349,0.00066082453,0.0,0.0,0.041677114,0.0,0.0,0.0,0.0,0.00011416844,0.0,0.0,0.0,0.0,0.17863153,0.0,0.0,0.0,0.020844143,0.0,0.0,0.021304792,0.0,0.0,0.0,0.021192318,0.00857611,0.21156953,0.02593982,0.11153836,0.0,0.0,0.0,0.016023973,0.0,0.0018572923,0.0,0.0,0.0,0.0,0.06282383,0.0037267087,0.019823553,0.0,0.0,0.0,0.28565863,0.0,0.0,0.12902054,0.0,0.0,0.0,0.0,0.023126807,0.20872396,0.003866597,0.0,0.0,0.0,0.0,0.0,0.0,0.0,0.0,0.0,0.005535033,0.023804555,0.0,8.684321e-05,0.0,0.0036909508,0.0,0.0,0.0,0.0,0.005769165,0.0,0.0,0.10177809,0.0,0.0,0.0,0.0,0.0,0.0,0.009953706,0.0,0.0,0.0,0.0,0.0,0.0,0.008558758,0.0014642635,0.0,0.0017669882,0.045439295,0.0,0.0,0.0,0.0,0.0,0.0008515643,0.0,0.0,0.110658556,0.0,0.0,0.0,0.0,0.0,0.0,0.0,0.03391594,0.0,0.0,0.0,0.010994539,0.0,0.0,0.0,0.0,0.023635017,0.0,0.0,0.022984816,0.008179409,0.0,0.04074701,0.0,0.0,0.0064183534,0.0,0.0,0.0,0.0,0.012258021,0.15752572,0.0038798489,0.027996453,0.4792957,0.0,0.0,0.0,0.0,3.8864357e-05,0.0,0.0,0.006178148,0.0,0.0,0.018910574,0.009061047,0.0,0.0,0.0,0.0,0.011153241,0.0,0.00018424343,0.0,0.061180703,0.0,0.0,0.0,0.0910386,0.0,0.0,0.0,0.0,0.0,0.0,0.0,0.0,0.025108878,0.0010513213,0.0,0.0046472,0.0,0.0005427701,0.0,0.0,0.0,0.0,0.0,0.0,0.0,0.0,0.0,0.0,0.00053423643,0.0,0.028180644,0.026687564,0.020630155,0.0,0.0,0.0,0.0,0.0023422374,0.0,0.0,0.0,0.0,0.0,0.0,0.013904249,0.44441444,0.0,0.18243714,0.0,0.0041160285,0.053152192,0.0017600108,0.0,0.0,0.0,0.0,0.0,0.012308938,0.0012630443,0.0,0.004894889,0.0,0.0,0.0,0.0,0.13380882,0.0,0.06425722,0.0,0.0,0.0,0.0,0.00070766284,0.0,0.011063529,0.014024205,0.0,0.0,0.0,0.0,0.15503296,0.0016907332,0.0,0.00023595776,0.0,0.0,0.0,0.0,0.0,0.0,0.0,0.0,0.019267108,0.0027007072,0.0008983928,0.0,0.0,0.0,0.0,0.0,0.0,0.10037995,0.26528037,0.009990967,0.0055785617,0.016463116,0.0,0.0,0.0,0.021412339,0.0525023,0.0,0.015281209,0.0,0.00024363217,0.0,0.003094104,0.00685933,0.0,0.053473298,0.0,0.003446765,0.0,0.0,0.06822836,0.0,0.0,0.0,0.0,0.0,0.11509272,0.0,0.0,0.00043156196,0.014550757,0.0,0.0053497967,0.0,6.200936e-06,0.0,0.0,0.016495194,0.0,0.00067081256,0.0,0.0,0.0,0.05232547,0.0008231292,0.0,0.0,0.0,0.003383234,0.006909903,0.0,0.0030768148,0.0,0.0,0.0,0.00833292,0.0,0.0,0.0012540634,0.10253017,0.0,0.0,0.0,0.046792492,0.0,0.0,0.0,0.0,0.0007561798,0.0,0.00029525463,0.0,0.0,0.0,0.0,0.0,0.0,0.0,0.30755886,0.0,0.09319978,0.015500594,0.0,0.0,0.0,0.0,0.01902669,0.68987256,0.0009067119,0.011606759,0.0,0.004352634,0.0,0.0,0.0,0.0,0.0,0.0,0.03518942,0.07100793,0.0,0.0,0.0,0.0020849218,0.0,0.0,0.0,0.0023002916,0.0,0.01987711,0.0023529627,0.0,0.00014219114,0.0,0.029977014,0.018965336,0.0,0.0,0.0,0.0030169012,0.0,0.0,0.0,0.0,0.0,0.0,0.014172194,0.03680171,0.0,0.0,0.0,0.0,0.0,0.0,0.0022755475,0.0,0.0,0.0,0.0,0.0011982814,0.18109275,0.0,0.0,0.026794825,0.04760056,0.0,0.0,0.0,0.0,0.07795321,0.01013613,0.0,0.0,0.0,0.0,0.0,0.0021357525,0.011382715,0.0,0.0,0.024179373,0.0,0.011320103,0.0,0.0,0.0,0.0,0.0,0.0,0.0,0.0,0.0,0.0,0.0,0.0,0.0024495556,0.0,7.051595e-05,0.0,0.0,0.021809919,0.0,0.007936993,0.0017033329,0.0,0.0,0.0,0.121219575,0.07262701,0.0,0.0,0.0037890666,0.0,0.002565069,0.0034449252,0.0,0.0,0.0,0.0,0.042979017,0.0,0.0,0.07560473,4.817728e-05,0.00328375,0.0,0.0,0.086255625,0.0,0.0022894253,0.0016297728,0.0,0.03612676,0.0,0.0,0.0015726965,0.0,0.0,0.0,0.002801922,0.0,0.0,0.0,0.5624393,0.0,0.0040641027,0.0,0.0,0.0,0.0020274874,0.0,0.0,0.0,0.0067532016,0.0,0.0,0.0,0.0,0.0,0.0,0.0,0.030110428,0.034085475,0.0050212047,0.0,0.0007127809,0.0,0.008047486,0.0,0.0077073914,0.0,0.039970443,0.0,0.0,0.0,0.0,0.0,0.0049837762,0.0,0.0,0.0,0.00055315846,0.0,0.0,0.0,0.0,0.0068921824,0.0028035203,0.029271983,0.0,0.0,0.0,0.007058769,0.0,0.0,0.006097166,0.0,0.018781893,0.0001244399,0.0,0.0,0.00019003906,0.0,0.0,0.04118992,0.0,0.0,0.0,0.009074137,0.0,0.0,0.0,0.0,0.0,0.0,0.0,0.0,0.0,0.0022860912,0.0039485767,0.022940392,0.0,0.0,0.0,0.0015851953,0.0,0.0386569,0.06914236,0.0018923562,0.0,0.0011532914,0.0,0.0,0.0,0.0,0.0,0.03143234,0.0,0.012972063,0.0104165515,0.0,0.0,0.0,0.0,0.003461459,0.0,0.0,0.0,0.0032863908,0.032695133,0.0,0.0039441916,0.0,0.035777256,0.0,0.0069189193,0.0440495,0.0011944564,0.0,0.0,0.0,0.0,0.0,0.0,0.0,0.027535249,0.0,0.01000503,0.028857598,0.0,0.0,0.0,0.0,0.02100548,0.0,0.0,0.0,0.0,0.02285913,0.0,0.0,0.009879674,0.005581707,0.0,0.1725027,0.0,0.0,0.0,0.0,0.0,0.12200781,0.0,0.0,0.0,0.0,0.0,0.0,0.0,0.0,0.0,0.0,0.0,0.0,0.025515644,0.023971383,0.006678552,0.0,0.0,0.0,0.00026619557,0.0,0.17596099,0.0017306148,0.0011328842,0.0,0.0,0.0,0.0,0.0,0.0,0.0,0.0007867716,0.0,0.0,0.0,0.0,0.0,0.009003398,0.0040216343,0.0,0.0,0.0,0.0,0.0,0.014757507,0.025567431,0.0014343454,0.0011822521,0.0,0.0,0.0,0.017497031,0.0,0.0,0.0,0.005129617,0.0,0.058230728,0.0,0.0,0.0,0.0046147034,0.0,0.0,0.007283797,0.0,0.028532324,0.006042776,0.0,0.0,0.2060868,0.0,0.0,0.038002778,0.0020945834,0.0,0.007351497,0.00022542111,0.06863488,0.0,0.006563099,0.008116511,0.0020297596,0.055329055,0.0,0.0,0.0,0.00070567644,0.0,0.0,0.382516,0.0,0.0,0.0005298269,0.01945523,0.0,0.0,0.0,0.0034527802,0.0,0.07079309,0.0,0.0,0.0,0.0,0.0,0.0,0.0,0.0008160703,0.0,0.008284489,0.0,0.0,0.0,0.002868088,0.008408064,0.0,0.0,0.27991644,0.0,0.0,0.0,0.0,0.0,0.0,0.028467884,0.0,0.01575319,0.0,0.012426913,0.0,0.0,0.00833185,0.0,0.0,0.0044451687,0.1321566,0.0,0.10286732,0.0,0.0,0.0,0.0,0.038039763,0.0,0.0,0.027528884,0.009378811,0.0,0.017274817,1.2559977,0.0,0.0,0.0003814162,0.0,0.0,0.0,0.011725329,0.004585669,0.0,0.3414851,0.032369252,0.0,0.0,0.0,0.002642968,0.04634692,0.0,0.08063663,0.0,0.08011044,0.0,0.0,0.0,0.00883392,0.0,0.0,0.0,0.015885077,0.0,4.316106e-05,0.0,0.0,0.0,0.0,0.0,0.0,0.0,0.0,0.15801342,0.0,0.0,0.0,0.0,0.0,0.086308666,0.0,0.0,0.0,0.08401201,0.0,0.0,0.015879286,0.0,0.0,0.0,0.0,0.0,0.030293638,0.06891884,0.0,0.014210392,0.016081264,0.0,0.0,0.0,0.0,0.0,0.0,0.030033467,0.0,0.0,0.0,0.005733226,0.0011323532,0.0,0.025213042,0.0,0.0,0.0,0.0,0.0,0.0,0.024523925,0.0,0.0,0.015985377,0.0,0.0032607731,0.0,0.0,0.0,0.0,0.015673298,0.0,0.003910404,0.054582786,0.0,0.0,0.0,0.0,0.086267576,0.61105543,0.0,0.012182836,0.058421273,0.32974964,0.0,0.0,0.0,0.0018405695,0.0,0.0,0.19192187,0.06877864,0.00022013334,0.0,0.0025352337,0.0,0.0,0.04624381,0.016589146,0.0,0.0,0.0,0.0,0.0,0.0,0.0,0.0,0.0,0.008026127,0.0,0.0,0.0,0.0,0.002524855,0.003649045,0.0,0.0049154195,0.0,0.006201963,0.0,0.0,0.003626399,0.0002533894,0.01451972,0.0,0.0,0.0,0.052372504,0.056984298,0.009340091,0.049707837,0.0,0.0,0.0,0.006962639,0.0,0.0,0.0,0.0,0.0018555886,0.014901318,0.0,0.021061596,0.0034567458,0.0,0.0,0.0,0.0,0.03947369,0.055322077,0.0,0.0,0.0,0.0,0.0,0.0,0.11511281,0.20291652,0.0,0.0,0.0,0.0,0.0,0.0,0.0,0.05080048,0.0,0.0,0.0004668102,0.0,0.0,0.0,0.0,0.0,0.0,0.0,0.0,0.0,0.0,0.0,0.0,0.0,0.0,0.022442255,0.110934936,0.0,0.02717151,0.0,0.28660688,0.0,0.0,0.0,0.0,0.0,0.0103492495,0.0,0.0,0.008070096,0.080098286,0.0,0.02414545,0.0,0.0,0.0,0.0,0.0,0.0,0.0,0.0,0.0,0.0,0.003074174,0.0,0.01472361,0.0,0.0,0.00078945013,0.0,0.0003236143,0.005218162,0.0,0.0,0.0,0.0,0.0,0.0,0.016503394,0.0,0.0,0.00019475391,0.0,0.0,0.0,0.0,0.0,0.0,0.0,0.0,0.0,0.0,0.0,0.00013056275,0.0,0.0,0.0,0.0,0.0,0.0,0.003048868,0.0,0.0,0.0,0.016820317,0.00021875756,0.0,0.0031186366,0.0,0.0,0.03280427,0.0077807005,0.0,0.034046017,0.0038437454,0.0025700745,0.0,0.007885463,0.006915039,0.0,0.0,0.002244414,0.055536173,0.013734189,0.0,0.0,0.0,0.0,0.0,0.0,0.0,0.0022431125,0.0,0.0,0.0,0.0,0.001964617,0.00421345,0.0,0.0,0.0,0.0,0.0,0.0,0.0,0.0,0.0,0.0,0.16347122,0.0,0.053841855,0.0,0.0,0.0,0.18924226,0.0,0.0017738282,0.009244268,0.0,0.039260596,0.0,0.0,0.0,0.0,0.0,0.0,0.0,0.1076065,0.0,0.043031152,0.0,0.0,0.0,0.010371653,0.0,0.0,0.0,0.0,0.0,0.0,0.0,0.0,0.0,0.0025797992,0.0,0.002049165,0.0,0.0,0.0,0.0,0.0,0.055584896,0.0,0.0,0.0018036669,0.0,0.00024871255,0.0,0.0,0.028924521,0.0040255687,0.023897817,0.0,0.038222034,0.05637143,0.0,0.008373104,0.01825305,0.0,0.0,0.0,0.0018875891,0.0,0.0,0.0,0.0,0.0,0.09168946,0.0,0.0,0.0,0.0,0.0,0.0,0.025849286,0.0,0.0,0.0,0.0,0.025575954,0.017398559,0.0,0.0,0.0,0.034697276,0.0,0.017877324,0.0,0.0009204721,0.0,0.0,0.013123735,0.0,0.09675103,0.0,0.0,0.012675755,0.009991826,0.0,0.0031273742,0.0,0.03240855,0.0,0.0,0.0,0.0013951769,0.0018424033,0.056259222,0.0,0.10546893,0.0,0.0,0.0033382433,0.0,0.0,0.0,0.0,0.0,0.0,0.0,0.00039349907,0.0,0.07130757,0.012740398,0.032157008,0.0,0.0,0.0034958124,0.09933102,0.022407843,1.0266596e-05,0.00093364716,0.0,0.0,0.0,0.02258179,0.04776579,0.0,0.0,0.0,0.0015850314,0.0,0.0,0.018873168,0.0,0.0,0.0,0.0,0.0016920225,0.0,0.007525377,0.0,0.0018588827,0.0022233536,0.0011084408,0.055802204,0.0,0.0,0.00043143303,0.0,0.009970424,0.0,0.0,0.08310135,0.0,0.0,0.0009752585,0.005560943,0.0,0.0,0.0072568473,0.0,0.0,0.0,0.0,0.0,0.0,0.0,0.0,0.0,0.0,1.0899591,0.0,0.0,0.0,0.005732629,0.0071418285,0.012341477,0.010782624,0.048439424,0.0051917136,0.0,0.07202968,0.053073276,0.0040437593,0.022014204,0.0190123,0.0109150335,0.037877604,0.0,0.10135152,0.0,0.0,0.036588505,0.0,0.0,0.022151843,0.0,0.012520821,0.0,0.0,0.06888378,0.0,0.3763648,0.0,0.0,0.0,0.0039073243,0.0067074103,0.0,0.0,0.0,0.0,0.0,0.0,0.0,0.23663737,0.0,0.0,0.0,0.0,0.0,0.0,0.03398131,0.0021402447,0.022742717,0.027618082,0.0,0.0,0.00893247,0.03603312,0.0,0.0,0.002679088,0.0,0.0064634937,0.0,0.0,0.07299291,0.0,0.032457627,0.001581248,0.0023864787,0.0,0.04176852,0.07503529,0.0,0.00086274167,0.0,0.0,0.0,0.0,0.0,0.00349504,0.0056516333,0.12878053,0.0054539186,0.0,0.0,0.0036919434,0.0,0.0092596505,0.0009800877,0.0,0.071071744,0.13896264,0.0013346636,0.0,0.0,0.004922471,0.013726313,0.014799583,0.0,0.0,0.1850963,0.098959945,0.0,0.0,0.0,0.0341739,0.1043443,0.005596947,0.0,0.0,0.0,0.005793545,0.003035355,0.0,0.0,0.0011942192,0.0,0.0,0.012297482,0.049782693,0.0,0.0,0.0,0.016202545,0.0,0.004307735,0.0,0.0,0.0024879412,0.31112775,0.15796974,0.001300403,0.0,0.0,0.00024514113,0.0,0.0056280894,0.0,0.0,0.023004849,0.0,0.0,0.0,0.004567692,0.0,0.0,0.0,0.0,0.0,0.0,0.0,0.054255035,0.0,0.0068860054,0.0,0.0,0.033114817,0.0,0.0035881596,0.0,0.0,0.17589192,0.0,0.0025854353,0.0014868634,0.0,0.000982079,0.0,0.67831826,0.0,0.0,0.0,0.0,0.0,0.004797958,0.008989525,0.05476559,0.00047727994,0.0,0.0,0.18517996,0.022728318,0.0,0.0032352647,0.0,0.0,0.01680647,0.0,0.013195868,0.0,0.0,0.0,0.0,0.0,0.0,0.0,0.015717302,0.0,0.13411221,0.019088464,0.0,0.0040905075,0.17016137,0.0005890581,0.1863183,0.0,0.0,0.0,0.0,0.0,0.0,0.0264997,0.013519542,0.062971294,0.00025032248,0.039610244,0.037859775,0.0,0.0,0.0,0.023682706,0.0,0.0,0.0,0.0,0.0,0.0,0.0,0.026848037,0.033486847,0.0,0.0,0.0070014363,0.0,0.0,0.0,0.009082318,0.009957496,0.0,0.0,0.0,0.0,0.0002832875,0.0,0.0,0.0,0.046625234,0.0,0.0,0.0,0.0,0.0,0.0,0.0,0.0038618774,0.0,0.04819549,0.0,0.066224225,0.13874586,0.0,0.0,0.0,0.0,0.011497308,0.047667705,0.057364803,0.0,0.0,0.0,0.0,0.066286795,0.023706486,0.0012550226,0.0,0.0,0.0,0.0,0.024142548,0.010973761,0.0,0.0,0.0,0.0,0.0,0.0,0.0,0.0,0.0,0.012220988,0.0,0.0,0.0,0.0,0.0,0.0,0.026991664,0.0,0.0,0.0,0.031529065,0.013591005,0.113212146,0.0,0.0,0.024209067,0.0,0.6238335,0.018219842,0.05347672,0.06595876,0.0,0.0,0.0,0.0,0.0,0.0,0.0,0.0,0.0,0.0,0.0010411764,0.0038331838,0.0,0.026525116,0.0,0.0,0.0,0.07079067,0.0,0.018501777,0.0,0.0,0.0,0.24460284,0.0,0.0,0.0,0.0,0.0,0.0,0.023759922,0.00040931057,0.0,0.1107428,0.0,0.0,0.007842379,0.035798267,0.017614756,0.0,0.0,0.0,0.0,0.0,0.0,0.0007219242,0.0,0.0,0.0,0.0,0.0,0.0,7.434767e-05,0.012564036,0.0105149895,0.00026622598,0.0,0.0,0.003029288,0.0,0.0,0.0009732186,0.0,0.014243416,0.0,0.0,0.0,0.0,0.0,0.0,0.0,0.0,0.011308363,0.0004971052,0.023209557,0.0,0.007439375,0.046289425,0.0,0.0,0.0,0.0,0.0,0.0,0.013594778,0.018450253,0.0,0.0,0.3688421,0.0,0.0,0.00021498301,0.0027280487,0.014014774,0.0,0.0,0.005438834,0.0015197189,0.0,0.027449107,0.02750357,0.032303277,0.0,0.0115875285,0.15246552,9.023413e-06,0.0,0.0,0.0,0.0,0.0,0.025166353,0.0,0.0,0.0,0.0,0.004514103,0.016351769,0.0,0.04460618,0.0,0.0,0.0,0.015881918,0.0,0.0,0.0,0.0,0.0,0.007826663,0.0,0.0,0.0,0.0,0.01693117,0.0,0.0025948482,0.0,0.0,0.0,0.0,0.0,0.0,0.0,0.0,0.0,0.0066605415,0.0,0.0,0.0,0.0,0.0,0.0,0.0,0.027881797,0.0008851801,0.0,0.0,0.0,0.047721464,0.0,0.0,0.0,0.017324837,0.09037878,0.0,0.0,0.029347107,0.0,0.017628482,5.334707e-05,0.0048498292,0.002350514,0.0,0.003576016,0.025756417,0.0,0.0,0.0,0.0,0.09870832,0.0,0.018348401,0.00018254104,0.0104439575,0.002994159,0.0,0.0,0.0,0.0,0.0007032652,0.005383623,0.009371125,0.0,0.0,0.0,0.0,0.0,0.023424031,0.00080952107,0.0,0.00038138943,0.0,0.0,0.0,0.0044679227,0.0,0.013626941,0.0,0.0,0.0,0.0,0.0,0.011711979,0.08530069,0.0,0.0,0.0,0.0,0.005658974,0.0,0.0026625723,0.0,0.0010363429,0.0,0.0,0.0,0.0,0.0,0.0,0.17846535,0.0,0.0,0.10964385,0.0,0.0,0.0,0.0,0.0,0.0,0.0,0.0,0.0,0.021137776,0.0045976522,0.0,0.0,0.0,0.039692845,0.0,0.0,0.0,0.0,0.0,0.0,0.002243992,0.0053507905,0.0,0.002369938,0.00059476314,0.010684442,0.0,0.0,0.0,0.0,0.0,0.0013715783,0.029129481,0.0,0.0,0.0,0.0,0.0,0.018222118,0.0,0.0,0.0,0.0,0.0,0.0,0.0,0.0,0.024659857,0.0,0.0,0.0,0.0,0.007751376,0.0,0.0,0.026907103,0.0,0.005986474,0.0,0.0,0.018189795,0.09676066,0.0,0.0,0.01611136,0.013698705,0.0,0.0,0.0,0.0039511058,0.0,0.0,0.2519025,0.0,0.0,0.0,0.0,0.0,0.054578643,0.047402624,0.018697705,0.0,0.0,0.010148903,0.017937928,0.0,0.006615674,0.0,0.0,0.38988853,0.0,0.03060456,0.029791562,0.0007390027,0.03130347,0.0,0.0,0.0,0.0,0.0,0.0,0.007502933,0.0,0.004367521,0.0,0.021366728,0.010423167,0.0,0.0,0.0,0.0,0.0,0.0,0.0,0.0,0.0,0.0010914997,0.0,0.01791294,0.0,0.0,0.0,0.0,0.0,5.4995624e-05,0.0,0.0,0.0,0.007673152,0.0,0.0,0.0,0.07972582,0.0,0.02490449,0.0,0.0,0.006912095,0.0,0.024093078,0.10557077,0.035985775,0.0,0.0,0.0,0.018784491,0.0,0.0,0.0501939,0.0,0.0,0.0,0.0,0.0035026907,0.0,0.0,0.0,0.024362613,0.0,0.0,0.0,0.01430738,0.0,0.0074604945,0.0,0.009531546,0.0004866932,0.0,0.11524144,0.0,0.05607845,0.0,0.0,0.0,0.0,0.017187988,0.0,0.00020146978,0.0,0.0,0.0,0.0,0.081369884,0.43742082,0.0,0.0,0.0,0.0,0.0,0.0028555314,0.0,0.0033246258,0.0,0.0024409075,0.0,0.049859695,0.0,0.000893116,0.0,0.0,0.0,0.017771987,0.0,0.0,0.0,0.02468858,0.0,0.0,0.2543374,0.0,0.0,0.0,0.0047609513,0.027127076,0.0,0.0056652003,0.0,0.0025068282,0.0,0.0,0.03429388,0.022043457,0.0028228906,0.011984772,0.012553935,0.0,0.0,0.015039683,0.0058582146,0.008080276,0.0,0.06739656,0.009715589,0.008424712,0.0,0.026206495,0.019061284,0.07185806,0.4187537,0.0,0.0,0.0041975514,1.0272969,0.0,0.0,0.0,0.0,0.0,0.0,0.0,0.0,0.0,0.0,0.02128752,0.007510229,0.0054663345,0.0,0.0,0.0,0.0,0.005813938,0.007992195,0.0,0.002004421,0.028332496,0.05419143,0.018740134,0.0,0.0,0.0,0.008670429,0.04814464,0.0,0.08000371,0.0,0.0,0.0,0.0387523,0.00093236624,0.0,0.0029530756,0.0,0.017566616,0.040919177,0.0,0.0,0.0,0.022073137,0.0,0.0,0.23499966,0.0,0.022352753,0.0,0.0,0.0,0.0,0.0,0.0,0.0,0.0,0.0,0.0016908208,0.0,0.038298406,0.0,0.0,0.0,0.0,0.0,0.045210805,0.0011522217,0.0,0.0,0.0,0.0,0.0,0.0,0.004709144,0.0,0.0009599243,0.0,0.0,0.1200255,0.0,0.0,0.0,0.0,0.0,0.0,0.001650601,0.0,0.0,0.015673574,0.0,0.0,0.01167819,0.0,0.0,0.0,0.008249405,0.0016622148,0.0,0.0,0.04092077,0.0009937049,0.0,0.021575645,0.42343825,0.0,0.021269305,0.0,0.0,0.0,0.0,0.010952456,0.026259063,0.0019567646,0.008130893,0.0,0.03075746,0.0,0.024857838,0.05153326,0.016481942,0.23722096,0.0011194713,0.0,0.0,0.0,0.0,0.0,0.0,0.11857484,0.0,0.0,0.0,0.03937782,0.0,0.004326075,0.0,0.03537269,0.041667618,0.0,0.018188527,0.0,0.009690669,0.05081021,0.003525172,0.0,0.0,0.0,0.0,0.0,0.002949245,0.0,0.0,0.008427367,0.03686161,0.0,0.0,0.0,0.0,0.01950066,0.0,0.028764477,0.014662162,0.0,0.011451991,0.0,0.0,0.010020318,0.0,0.0,0.0,0.0,0.0,0.0,0.0,0.0,0.0,0.0,0.02283614,0.0,0.010981759,0.009718391,0.0034493012,0.0033953092,0.0,0.0,0.0,0.0054403106,0.0,0.0,0.0,0.0,0.0,0.0,0.0,0.0,0.03296938,0.012759936,0.0,0.0,0.0,0.0,0.0,0.0053915945,0.0,0.0,0.038927536,0.0,0.00013589616,0.021278348,0.0,0.008066977,0.039655365,0.0,0.056438528,0.0,0.035312843,0.0,0.0018513525,0.0,0.097141415,0.0,0.0045456085,0.0,0.0,0.0,0.0,0.0,0.0,0.0,0.0,0.0,0.12700215,0.041354127,0.0,0.0,0.035792023,0.0,0.0,0.0,0.014824799,0.0,0.0,0.0,0.006023788,0.008763822,0.0,0.0,0.0,0.0,0.28540716,0.0,0.0,0.0,0.0,0.0076145967,0.38016677,0.01986608,0.00206665,0.011323778,0.0,0.19276567,0.010306312,0.0037938333,0.0,0.0,0.0,0.0032657068,0.14197113,0.0067706546,0.0005006961,0.0,0.10160315,0.0,0.0,0.0,0.0,0.004509191,0.06882795,0.022875711,0.0,0.0024963228,0.0,0.0,0.06444624,0.058113236,0.00391343,0.009520432,0.0,0.0016028383,0.0,0.00465966,0.030491121,0.022381846,0.0,0.0019639512,0.018497905,0.0,0.0,0.032297056,0.0,0.0,0.0,0.0,0.0,0.00037133694,0.0,0.0,0.009665278,0.0031854801,0.0,0.015811607,0.0,0.0096882535,0.0,0.0,0.08219966,0.08749148,0.0029747097,0.014525136,0.0057318434,0.0,0.0,0.0,0.0019124126,0.0,0.0,0.0036040326,0.0194524,0.0,0.007941305,0.52214915,0.0,0.0,0.19866085,0.0,0.0015270582,0.009651454,0.0,0.0071620964,0.0,0.007714292,0.04421738,0.0,0.0,0.0,0.0,0.0,0.0,0.0,0.0,0.0,0.030245649,0.0,0.020824602,0.0,0.01596697,0.0,0.0,0.0,0.0051036226,0.0,0.026272146,0.0,0.0,0.023109207,0.0,0.00054216856,0.0,0.029464167,0.0,0.0,0.012109891,0.0,0.0,0.18999699,0.0,0.0,0.13481699,0.0,0.0,0.0,0.0,0.0,0.0,0.013578205,0.0,0.0,0.0,0.0,0.07436434,0.0,0.050960667,0.0,0.0022717398,0.0,0.0,0.03957694,0.0,0.0,0.0,0.0,0.0010834251,0.0,0.0,0.0,0.0,0.0,0.00030777042,0.0,0.0,0.19598208,0.0,0.011927426,0.0,0.04962495,0.012884374,0.02457138,0.004112769,1.1459289,0.00844086,0.0,0.021919718,0.0,0.016633414,0.0,0.0,0.0016990717,0.0048672915,0.0,0.0,0.00036513805,0.021600556,0.0,0.0034464167,0.0,0.0,0.0,0.0,0.0,0.42290115,0.0023069144,0.0,0.04599469,0.0,0.0,0.050151333,0.0017128696,0.0,0.0,0.021748072,0.0,0.0,0.0,0.052116033,0.0,0.0,0.042245198,0.0,0.0,0.0,0.0,0.0,0.006348939,0.0,0.0009068743,0.0030711598,0.035983607,0.0,0.0,0.0,0.0,0.0,0.0,0.0025193403,0.028164076,0.0,0.0,0.0,0.0,0.0,0.0,0.0,0.039089754,0.0031228552,0.0,0.03395112,0.0,0.119050756,0.0,0.010359193,0.0,0.0,0.0,0.00062270794,0.02958469,0.32237244,0.0,0.0,0.0,0.0015837793,0.0,0.00053990376,0.0057351473,0.44532868,0.0,0.0,0.0001463586,0.0,0.00071832235,0.0,0.0,0.17249157,0.0,0.0,0.0,0.0,0.022269575,0.0,0.0,0.0,0.08967216,0.0,0.0,0.0,0.034812678,0.0,0.033440325,0.0,0.0,0.0034923542,0.11975229,0.024609042,0.03440958,0.046185706,0.0,0.0,0.0,0.0,0.03089748,0.0,0.0,0.0005927402,0.060260456,0.0026878582,0.0,0.010088347,0.0,0.061445802,0.013513811,0.0,0.015044529,0.0,0.0017623081,0.0034475303,0.0,0.0,0.062803596,0.11381029,0.0,0.0,0.0,0.0011150654,0.02839628,0.0,0.0,0.0,0.018626401,0.046716265,1.1197318,0.0,0.0076558664,0.010621533,0.0,0.0,0.0037985602,0.0011838078,0.014809759,0.011230933,0.03354398,0.016716661,0.0064863767,0.0,0.0,0.0,0.0,0.48506367,0.0,0.0043117413,0.0,0.003960147,0.009799982,0.0,0.0,0.0,0.0035632283,0.0022378918,0.053197514,0.0,0.0,0.0,0.0,0.0,0.0,0.0,0.039066534,0.0,0.0,0.0,0.01172397,0.0,0.0,0.0,0.0,0.0,0.0,0.0,0.0,0.0,0.0,0.0074771047,0.003552876,0.0,0.0,0.0,0.0,0.0,0.0,0.004799929,0.0,0.05045576,0.08939666,0.105510004,0.0,0.0,0.008750583,0.0,0.0,0.0024884078,0.0,0.0,0.0,0.0,0.39975676,0.0,0.0079727685,0.0,0.0,0.0023043691,0.06974642,0.0,0.0,0.0038635493,0.0,0.0,0.014007919,0.0,0.0,0.0,0.0,0.0,0.0,0.0,0.002696559,0.0,0.0,0.07270917,0.0,0.0,0.0,0.014531885,0.33227006,0.0,0.0,0.0,0.0,0.0,0.0,0.0,0.0,0.10485869,0.018941432,0.001223899,0.0,0.0,0.024268914,0.0,0.0,0.0,0.0,0.0,0.0,0.002512503,0.0,0.0,0.0,0.0,0.0,0.0,0.00077378994,0.0,0.01154622,0.0,0.0,0.0,0.0072062453,0.0,0.0,0.0,0.0,0.033568714,0.0,0.0,0.0,0.0030181555,0.26246753,0.018716646,0.003382453,0.036946326,0.005599635,0.0,0.0,0.0,0.0,0.0,0.008927902,0.0,0.0,0.00043434027,0.049629487,0.0013575748,0.0,0.00041152263,0.0,0.25119957,0.0,0.0,0.0016943812,0.0,0.001347318,0.0,0.0,0.0,0.0060093557,0.0,0.007212639,0.0,0.0,0.0,0.0,0.0,0.0,0.0,0.0,0.05946342,0.0,0.02341677,0.0,0.0,0.0,0.070356846,0.0,0.0048161475,0.0,0.0,0.16360724,0.0,0.0,0.0020653058,0.0,0.14455657,0.0,0.026652146,0.0,0.0,0.0,0.0,0.0,0.0,0.0,0.0,0.035761327,0.0,0.108599685,0.0,0.2818771,0.0,0.0,0.0,0.008772861,0.0070649944,0.0,0.0,0.0,0.0,0.0,0.0,0.0,0.0,0.0,0.0057719387,0.21966249,0.0,0.0,0.005715859,0.0,0.0,0.0,0.0,0.0,0.0,0.0,0.0,0.041098226,0.007363916,0.0,0.0,0.0,0.0,0.0,0.00028747745,0.0,0.0,0.046696994,0.0,0.0,0.0,0.00034519908,0.0,0.0,0.0,0.0,0.0,0.025756031,0.0,0.0,0.0,0.0,0.0,0.0029994578,0.0,0.0,0.0,0.0,0.0,0.067916214,0.0,0.0,0.17029195,0.0,0.0,0.0,0.0,0.0,0.018508147,0.0,0.0,0.02940251,0.01398747,0.0,0.0,0.06113378,0.2847579,0.0,0.0,0.012286845,0.0,0.0,0.0,0.0,0.08523222,0.0,0.0,0.0,0.0,0.0,0.0,0.0,0.0,0.0,0.0,0.0,0.0,0.0,0.0,0.0,0.01831213,0.0,0.07338382,0.07073664,0.0,0.0,0.0,0.006075257,0.0,0.0,0.0298609,0.011589714,0.0,0.0,0.0,0.0,0.0,0.0,0.039603096,0.0,0.07651373,0.000481441,0.085279755,0.0,0.0,0.0,0.0021100938,0.0,0.07101399,0.057138745,0.0,0.0,0.00082267914,0.0,0.0,0.0,0.008151099,0.004407347,0.0,0.0,0.0,0.0,0.0,0.0,0.0,0.02629686,0.004066047,0.0,0.0,0.011184821,0.0056919036,0.0,0.0,0.0,0.010756992,0.06715316,0.0,0.0,0.0002496758,0.0,0.177266,0.0,0.0,0.0,0.0,0.0,0.112516396,0.0,0.0034082988,0.00030633382,0.0010888941,0.031267613,4.0100545e-05,0.013827368,0.007621736,0.0,0.0,0.0053918925,0.008039776,0.0,0.0,0.0010208825,0.0043724775,0.018648941,0.022083934,0.0,0.0,0.0,0.00821923,0.0,0.020461597,0.0,0.0,0.0,0.0,0.06863188,0.0,0.0,0.0,0.0,0.0,0.0010509887,0.0,0.0,0.0,0.056827687,0.0,0.05238524,0.0,0.0,0.0,0.021642031,0.066491105,0.0,0.044629116,0.01848043,0.0,0.0,0.0,0.0005654687,0.0,0.40646514,0.012166396,0.0,0.021497887,0.011343649,0.0,0.006131703,0.0020327934,0.0,0.0,0.0,0.0,0.013243516,0.050216462,0.018792765,0.0,0.013127198,0.0,0.0,0.1271849,0.014843902,0.0,0.005798043,0.0,0.0,0.0,0.083115384,0.0,0.000317354,0.0,0.006139838,0.049132645,0.0,0.032403704,0.0,0.0035494762,0.053570297,0.0,0.0059009194,0.03769213,0.0,0.01489794,0.0,0.005596034,0.004208881,0.0035967717,0.013692094,0.002769662,0.0,0.0,0.018808272,0.0,0.0,0.0,0.0,0.0030597644,0.0,0.20023936,0.08711332,0.0,0.0,0.0,0.00569396,0.0,0.0881895,0.45093748,0.0,0.0,0.0,0.0,0.009603845,0.014698647,0.0,0.07192551,0.0674252,0.0,0.0,0.0,0.009730117,0.0,0.0045370385,0.031793464,0.0014341141,0.0,0.04382551,0.056274496,0.0009396806,0.0,0.0,0.0,0.10803888,0.0,0.0,0.035412855,0.0,0.01881601,0.0,0.0,0.005255876,0.0,0.00037857707,0.0,0.0,0.0071017696,0.0,0.0004782689,0.0,0.0,0.0,0.0,0.0,0.0,0.0,0.0,0.0,0.005938137,0.0,0.008729748,0.0,0.047036126,0.88207877,0.0,0.0,0.0,0.0,0.7042821,0.0010458329,0.0,0.0010835053,0.029369751,0.0074547324,0.008128607,0.029900575,0.0,0.0,0.009887246,0.004921176,0.0,0.0,0.001357733,0.22698492,0.0,0.0,0.0,0.0023218878,0.041887693,0.066029035,0.0,0.006582968,0.008292675,0.0,0.0,0.12521382,0.0,0.0,0.0017018239,0.0,0.0,0.0,0.16354497,0.0,0.0,0.0,0.0,0.0,0.0,0.027717335,0.006362117,0.0,0.002548747,0.0,0.0,0.0061053634,0.0037282268,0.0,0.0,0.0,0.002339344,0.0,0.0,0.0,0.0,0.0,0.0,0.07982286,0.0,0.0,0.0058724005,0.0,0.0,0.0,0.0,0.0,0.01759171,0.0,0.0,0.0,0.0,0.0029903771,0.01864351,0.0,0.0,0.0,0.0,0.007996732,0.0,0.006175025,0.01414491,0.0,0.0,0.0,0.0,0.01446148,0.0,0.0,0.0,0.01768963,0.0,0.074628904,0.22950679,0.010229531,0.0,0.0,0.0,0.003188677,0.0056622736,0.0,0.007292817,0.0031286015,0.0,0.009716467,0.0,0.029476942,0.3269053,0.00083131995,0.0,0.0075841183,0.0,0.0,0.0,0.0,0.0,0.046176862,0.0,0.0,0.0,0.0,0.049979113,0.0031736626,0.0,0.0,0.0,0.0,0.0,0.0005484062,0.0,0.0,0.009689952,0.0,0.0,0.021971501,0.0,0.0,3.9863342e-05,0.0,0.0,0.0,0.0,0.013227745,0.009713094,0.0,0.0,0.0,0.0,0.0,0.0,0.0,0.0,0.0,0.0,0.0,0.0,0.0,0.0,0.0027400134,0.0,0.0,0.0,0.0,0.013466568,0.0,0.0,0.0,0.00020112553,0.0032221554,0.0,0.0,0.0,0.005626557,0.014825755,0.035841674,0.13103639,4.3270007e-05,0.0,0.0,0.036080755,0.0,0.0033690345,0.0,0.0028752582,0.0,0.0,0.022734353,0.024445066,0.0,0.0,0.0,0.0,0.069422774,0.0,0.0,0.0,0.0,0.0,0.0,0.0,0.0,0.0022848418,0.0,0.0,0.0,0.0,0.0,0.0,0.0,0.00049401,0.0,0.008155759,0.0,0.0,0.004471528,0.0,0.0,0.0,0.0,0.0,0.014215946,0.0,0.053271495,0.0,0.0007524928,0.016074508,0.0,0.011424777,0.0,0.0,0.0,0.0,0.0,0.0814598,0.02206873,0.0,0.0,0.014091843,0.0,0.0,0.0,0.0027172102,0.005620594,0.0,0.0,0.0,0.0,0.0,0.0,0.0,0.0,0.005043011,0.0,0.0,0.0,0.04357313,0.12434221,0.0,0.0,0.0010132145,0.015210529,0.0,0.0075545264,0.0075918133,0.0,0.02598583,0.0,0.0,0.0,0.0,0.0,0.0,0.0,0.0,0.0,0.011415616,0.0,0.008023508,0.0,0.0,0.0,0.0,0.015025066,0.0,0.0041309,0.01700631,0.0,0.023203421,0.0,0.0,0.0,0.0,0.22028327,0.0,0.0,0.0,0.0,0.04922422,0.0,0.00044931867,0.0,0.0,0.004879743,0.0,0.0,0.0,0.009403526,0.0,0.0,0.030780738,0.0,0.058574326,0.0,0.0,0.0,0.0,0.0,0.0,0.008852988,0.0,0.0,0.009037747,0.0,0.0,0.001913997,0.0,0.0,0.007920347,0.0,0.0,0.0,1.0078976,0.0,0.0,0.0,0.010367784,0.006860312,0.0028005596,0.0,0.0059403353,0.0,0.0,0.0,0.0,0.03802342,0.012597342,0.0,0.0,0.0,0.0,0.0,0.015731074,0.0,0.0,0.011050701,0.0,0.006612958,0.0,0.0,0.0,0.06307919,0.0,0.015470659,0.5654715,0.0,0.0,0.0,0.0066465554,0.4416492,0.003424282,0.0,0.0,0.00036357372,0.041444127,0.0,0.0,0.00015741344,0.0,0.005267461,0.12777537,0.1504733,0.0,0.0,0.0,0.0,0.0,0.0,0.0,0.0,0.0,0.0,0.0,0.0056124805,0.0,0.0,0.08162781,0.015141013,0.014340564,0.0,0.0,0.0008817984,0.013129456,0.0,0.0008593725,0.0045073824,0.008397955,0.00677282,0.0,0.0,0.0,0.007088361,0.0,0.0,0.0,0.0,0.0,0.0,0.74544084,0.0,0.0,0.0,0.0,0.0013654007,0.027787289,0.0,0.0,0.06433809,0.0,0.0,0.0,0.0,0.0,0.0,0.109198056,0.0,0.103509456,0.0,0.0,0.14414947,0.0,0.5332846,0.0,0.0,0.0,0.0,0.0,0.0,0.0641698,0.0,0.0003899427,0.0,0.0,0.0,0.0,0.0,0.0,0.40268537,0.007832619,0.0,0.0,0.0,0.0,0.05858993,0.0,0.0,0.0,0.0,0.0,0.30161944,0.26190987,0.18505363,0.002029113,0.0,0.0,0.003880659,0.0,0.0,0.04251475,0.0,0.0044307197,0.0,0.0,0.0,0.0,0.0,0.0,0.0,0.0,0.0,0.0,0.0032280027,0.0,0.37018946,0.007871094,0.0,0.0,0.0,0.0,0.0,0.00804488,0.0,0.023071757,0.0,0.0,0.0,0.0,0.0,0.0,0.0,0.0,0.03309135,0.0,0.008046011,0.02127087,0.0,0.0,0.0,0.0,0.034101862,0.001868844,0.0,0.0,0.0,0.0,0.0,0.011462628,0.0,0.051726878,0.0,0.0050163483,0.0,0.0,0.0,0.095583096,0.0135557335,0.0,0.0,0.0,0.0,0.0,0.0,0.0,0.0,0.0,0.0,0.0,0.0,0.032497503,0.0,0.0033965586,0.0,0.0,0.009064161,0.0,0.0,0.0,0.0,0.0,0.026604405,0.0,0.0,0.0,0.0,0.0,0.0,0.04404977,0.0,0.0,0.0,0.0,0.0,0.018608658,0.0006853561,0.0,0.0012140712,0.0,0.0,0.0047261696,0.014422952,0.0,0.0,0.035512872,0.0,0.0,0.0010029941,0.001997595,0.0,0.0,0.0,0.0,0.008272704,0.0,0.0,0.0,0.0030812633,0.0,0.0,0.18524267,0.037191983,0.21256548,0.0,0.029030895,0.0,0.0,0.0,0.0,0.0,0.0,0.0,0.0,0.013121724,0.0,0.0045321486,0.0153038185,8.297575e-05,0.0,0.07895386,0.011197102,0.0,0.0,0.0,0.0,0.0010678038,0.0,0.0,0.0,0.0,0.0,0.0045187618,0.00071591017,0.0,0.0,0.033821158,0.0,0.0,0.009098864,0.0,0.0033757638,0.0053625703,0.005095067,0.012780237,0.02105503,0.0,0.0010065557,0.011862565,0.0,0.0,0.01069452,0.006160078,0.0,0.0,0.0,0.010025611,0.0,0.0948677,0.37451804,0.0075082514,0.0,0.0,0.0,0.0,0.0,0.0,0.04275613,0.0,0.00053848646,0.0,0.047592048,0.034660444,0.0,0.0,0.0,0.0,0.0,0.0,0.0,0.0040729,0.009834182,0.0,0.0,0.0,0.0068202973,0.0,0.0,0.0,0.0,0.0,0.0,0.0,0.0,0.0,0.0,0.08899367,0.0,0.00504854,0.0,0.0,0.0,0.0054148873,0.0,0.0,0.0,0.0,0.04512078,0.0,0.0,0.0,0.0,0.0,0.0055700825,0.0,0.0,0.0,0.014901674,0.0,0.0,0.0,0.0,0.0,0.0,0.004743898,0.0,0.0,0.0,0.0,0.043398984,0.0,0.003537438,0.0,0.0027379752,0.0,0.0,0.0,0.0,0.0,0.0010596282,0.0,0.0,0.003633813,0.013319667,0.0,0.15167981,0.0,0.0,0.0,0.023606453,0.0,0.021483665,0.0045326804,0.0,0.0,0.0,0.0,0.0,0.006816514,0.035095822,0.0,0.0,0.0,0.0,0.030332968,0.0,0.03465977,0.0028380775,0.0,0.0,0.0,0.005220298,0.0,0.0,0.0,0.0,0.0017470036,0.0,0.0,0.0,0.0,0.0,0.00010771061,0.0,0.00653023,0.029201675,0.0,0.0,0.00018368935,0.0,0.0033913024,0.0,0.0,0.0,0.010721859,0.0,0.074175306,0.12583086,0.0,0.0,0.0,0.0,0.0,0.0068107946,0.0,0.015915083,0.0,0.0,0.0018374363,0.0,0.0,0.20036756,0.0,0.0,0.0,0.02522907,0.0,0.0,0.0,0.0,0.009667439,0.46673295,0.0,0.0,0.0,0.008170854,0.0,0.0,0.0,0.05156066,0.0,0.0016733457,0.00049048295,0.0,0.0,0.0,0.00038884094,0.0,0.0,0.00020213852,0.0,0.0026599388,0.0,0.0,0.0,0.0009713635,0.0,0.0,0.03136178,0.0,0.0,0.0,0.0,0.0,0.0133004,0.0,0.0,0.0,0.032301918,0.0,0.0,0.0594693,0.0029769454,0.0,0.0,0.0,0.0,0.0,0.0,0.0,0.04754952,0.0,0.0,0.0008845767,0.0,0.0,0.020557385,0.0,0.007788642,0.017433772,0.0,0.0,0.0,0.0,0.0,0.0,0.0,0.0,0.0,0.0,0.0,0.0,0.017584236,0.0,0.0,0.0,0.0,0.0,0.2613309,0.0,0.0,0.0,0.0,0.0,0.00047528135,0.0019633137,0.0,0.0034673142,0.0,0.0,0.0070570386,0.034787145,0.0,0.0,0.0,0.0,0.0,0.0,0.0,0.0018148787,0.018434748,0.035491556,0.031881433,0.0,0.0,0.0,0.0,0.0,0.0,0.0,0.0,0.0,0.0,0.0,0.0,0.0,0.0,0.0,0.0,0.0,0.0006642123,0.0,0.0,0.044444162,0.24688213,0.0,0.0,0.055378027,0.0,0.024847843,0.0,0.0,0.0,0.0,0.0,0.0,0.0,0.0,0.4189386,0.0027727147,0.0,0.0,0.0,0.02410237,0.0,0.042307563,0.0,0.0,0.0,0.0,0.0,0.0,0.0,0.0,0.0,0.0,0.0,0.0,0.0,0.0,0.04863809,0.0,0.0028693604,0.0,0.001050056,0.0,0.0,0.0,0.0022462648,0.0,0.0,0.019691044,0.0,0.0,0.034303058,0.07574958,0.0,0.0,0.0,0.0058017406,0.037683327,0.0,0.018846903,0.02177332,0.03440557,0.2865939,0.0,0.0,0.0086844405,0.0,0.019860778,0.0,0.0,0.0,0.0,0.0,0.0,0.010615974,0.0,0.0,0.0,0.0,0.0,0.006847789,0.0075766738,0.0,0.027113786,0.0,0.51263165,0.0,0.0,0.031569667,0.0,0.0,0.0,0.0,0.0,0.0,0.0066700615,0.0,0.0,0.0,0.0,0.11215549,0.0,0.0,0.0,0.010966087,0.0,0.0019134977,0.0020414982,0.005649179,0.009386906,0.0,0.0,0.0,0.07645266,0.0,0.0,0.0,0.0025699916,0.00072653685,0.0973176,0.0,0.039013207,0.0,0.0,0.0,0.006856889,0.0,0.0,0.0,0.0,0.0,0.06582314,0.025832843,0.0,0.0,0.0,0.0,0.0008170349,0.001949677,0.0,0.005321225,0.0,0.0,0.0,0.0,0.0,0.0,0.0,0.02219753,0.0,0.13078277,0.0,0.0067361398,0.030491129,0.0,0.0,0.028187878,0.0,0.0,0.0009387227,0.042107545,0.013318904,0.0,0.018356878,0.0012419674,0.044067092,0.0,0.006683116,0.0,7.5826836e-05,0.0,0.0,0.0,0.0,7.0817616e-05,0.4437779,0.0081784455,0.0,0.0,0.0,0.0,0.0,0.013237659,0.0,0.060840797,0.0,0.0,0.0006434127,0.0,0.0,0.013969138,0.0,0.0,0.009031224,0.0033043255,0.04107665,0.0,0.0,0.0,0.0,0.0,0.02308417,0.0,0.0,0.0,0.0,0.17037107,0.0,0.0,0.0,0.0,0.0,0.012405089,0.0,0.0,0.014466204,0.0,0.10805751,0.0026071966,0.044842463,0.0,0.0,0.0,0.080795266,0.0032494713,0.0,0.0128783155,0.0,0.004821174,0.0,0.0,0.0021936176,0.0,0.0,0.0,0.0026091314,0.016404925,0.0,0.048873223,0.081932455,0.013126597,0.0,0.024034284,0.5236248,0.02046261,0.0,0.0,0.0,0.0,0.0,0.0,0.0,0.0027720453,0.02227775,0.0,0.03260171,0.0033553839,0.104624234,0.0053824782,0.0,0.0,0.0,0.0,0.011297581,0.0,0.0,0.352736,0.0,0.19075514,0.109384194,0.0,0.002800969,0.0,0.08726689,0.17220797,0.0,0.0032714629,0.0,0.0,0.0,0.0,0.04376572,0.009702441,0.0,0.0,0.0,0.0,0.0,0.0,0.0,0.0,0.009446363,0.0,0.0,0.0,0.0,0.0,0.03751089,kennedy1.jpg
4,0.0,0.0067873276,0.0,0.0,0.0,0.0,0.0,0.0,0.0319594,0.0,0.0955294,0.0,0.0,0.0,0.6715141,0.0,0.0,0.012426296,0.38652587,0.005795233,0.0,0.0,0.00241548,0.0,0.0,0.0,0.0,0.0,0.0010512465,0.0,0.0044655064,0.0,0.11252749,0.016780498,0.0,0.0,0.02357888,0.0,0.0,0.0,0.0,0.003131466,0.0,0.0,0.005571506,0.0020923542,0.0,0.0,0.0,0.0,0.0,0.0,0.0,0.0,0.0,0.0,0.0,0.0,0.009054588,0.0,0.0,0.0,0.0,0.0,0.012693981,0.0,0.0,0.0,0.0,0.0,0.0034787424,0.0,0.17811495,0.0,0.0,0.0,0.027669357,0.0,0.002994502,0.0,0.4036566,0.0,0.02395718,0.0,0.0,0.0,0.0,0.0,0.0,0.0,0.0,0.0,0.0,0.0,0.0,0.0033899266,0.0,0.020815725,0.0,0.0034027058,0.0,0.0,0.0,0.001289892,0.2513704,0.0,0.0,0.0,0.0033172588,0.0,0.0,0.0,0.0,0.0033933509,0.0,0.0,0.40543073,0.0,0.0,0.0,0.0,0.0,0.0,0.0,0.043962512,0.0,0.21007663,0.0,0.0,0.18913162,0.0,0.0,0.06924409,0.005553311,0.00061298086,0.0,0.0,0.0,0.0,0.0,0.0,0.0009696289,0.0,0.0052047116,0.0,0.0026096106,0.0,0.0,0.0,0.022817582,0.0,0.049237918,0.010882621,0.009994761,0.0,0.0,0.0,0.076675914,0.0022052783,0.0,0.0,0.0,0.022077968,0.06959168,0.0,0.0,0.0,0.005075598,0.0,0.0014255594,0.0,0.0,0.0,0.004607541,0.0,0.0,0.0,0.0,0.0,0.0,0.0,0.00047086697,0.0,0.0,0.0,0.0,0.0041899052,0.005296762,0.0,0.0,0.0,0.0,0.0,0.0,0.052466393,0.0060030567,0.00477499,0.025597017,0.0,0.0,0.0,0.0,0.0,0.0,0.0049393373,0.0,0.00092740933,0.0,0.0,0.0017515293,0.0,0.1955591,0.08133974,0.0,0.0,0.0,0.0,0.07600914,0.0,0.0,0.0,0.11082917,0.0,0.032755744,0.0,0.0,0.0,0.0,0.0,0.008174417,0.0,0.019768644,0.041109223,0.0063048834,0.0,0.0,8.14613e-05,0.0,0.0,0.0057024225,0.0,0.0,0.0003442022,0.0,0.30579644,0.06648868,0.0,0.0,0.00014865033,0.0,0.0,0.0,0.0,0.0,0.0,0.0,0.002562529,0.0,0.0,0.0,0.0,0.0,0.07707179,2.7842667e-05,0.00044273544,0.0,0.04816654,0.0,0.0,0.0,0.06424038,0.008652167,0.0,0.0017571212,0.0,0.021226332,0.016171334,0.0,0.0,0.0,0.03550164,0.0,0.20786472,0.0,0.0,0.08003489,0.0,0.036978446,0.0,0.0,0.05143079,0.0,0.0,0.0,0.10844645,0.12559608,0.0,0.0,0.002568818,0.0765231,0.0,0.0,0.0,0.0,0.0,0.0,0.007142583,0.05742691,0.023223862,0.0,0.07977025,0.0,0.0,0.012921702,0.0,0.0,0.0,0.0,0.0,0.0027051873,0.0,0.02784889,0.0,0.0,0.0,0.0,0.20530997,0.3889478,0.0,0.0,0.009296203,0.016702205,0.0008127033,0.05136258,0.017550468,0.0013144211,0.034899045,0.14958224,0.022075687,0.0,0.060993046,0.0,0.0,0.032723714,0.0,0.0,0.0,0.0,0.0,0.0,0.0,0.0,0.0,0.0029136697,0.13727373,0.0,0.008152659,0.0,0.0,0.016094377,0.165344,0.009183106,0.25645146,0.0,0.0,0.0,0.0,0.015114215,0.0,0.008873983,0.0,0.0,0.0,0.00085051206,0.0,0.0,0.0,0.0,0.0,0.0,0.0,0.029577158,0.0,0.0,0.0029600689,0.00267221,0.0,0.10362615,0.0,0.0,0.0,0.0024542517,0.0014067767,0.0023543616,0.013326555,0.043008387,0.0,0.0,0.051445514,0.0,0.0,0.0,0.14250892,0.0,0.0,0.0,0.060162216,0.0796543,0.0036476168,0.026303016,0.0,0.072752096,0.0,0.0,0.0,0.0,0.0,0.03023126,0.0024878783,0.0,0.0,0.0,0.0,0.0,0.0,0.0,0.0,0.0,0.0,0.0011850426,0.0,0.011758097,0.0,0.0,0.0,0.0,0.0,0.05802821,0.009873064,0.5254906,0.0,0.0,0.0,0.05903392,0.32108575,0.016743,0.0,0.0,0.17978664,0.0,0.0,0.0,0.0,0.0041466868,0.0,0.0019698557,0.0,0.0,0.0,0.0,0.0,0.010409574,0.0,0.0,0.0,0.00035975175,0.43720865,0.10248255,0.0,0.095094584,0.14385311,0.0,0.037210938,0.0,0.0,0.0,0.0,0.0,0.0,0.0064639742,0.0004953763,0.0,0.0,0.0,0.0,0.0014809382,0.0,0.0027711354,0.012583422,0.0,0.00047559885,0.044730093,0.0,0.0035945754,0.029818418,0.0,0.0,0.0,0.0,0.037895367,0.0,0.004146918,0.0,0.036762096,0.0,0.0,0.41218138,0.0,0.012385962,0.0,0.029099258,0.0,0.0,0.0,0.009188278,0.0,0.0,0.07210675,0.0,0.0,0.0,0.0,0.0,0.20929246,0.0,0.0,0.0,0.0637797,0.0,0.0,0.0,0.004033733,0.09226229,0.0018790181,0.0,0.0,0.0,0.0,0.0,0.3173124,0.0,0.0,0.0,0.19276026,0.0,0.0,0.0,0.0,0.0,0.010390261,0.07432617,0.0,0.0,0.0,0.019213645,0.0024077734,0.0,0.0,0.0,0.0,0.06687454,0.0014445661,0.0013228442,0.21230985,0.0,0.0,0.0,0.10169394,0.041213278,0.0,0.0,0.0,0.0,0.0,0.0,0.0,0.0,0.0,0.06248223,0.0,0.09251406,0.0,0.19228974,0.0,0.0,0.0,0.00791311,0.0,0.0,0.0,0.0,0.0,0.0,0.0,0.0,0.0,0.0,0.00075685006,0.0,0.0,0.0,0.0,0.03224824,0.055684756,0.03957295,0.0,0.0,0.0,0.0,0.0,0.0,0.0,0.0,0.0,0.033012256,0.10006238,0.0025729665,0.0025322018,0.010089462,0.0,5.361255e-05,0.0,0.0,0.0,0.0,0.0,0.0,0.012810221,0.0,0.0,0.0,0.0,0.042265188,0.48827004,0.0,0.0,0.029304631,0.16405798,0.0,0.0,0.0,0.0010694241,0.0,0.0,0.0,0.0,0.0,0.0,0.007514608,0.0,0.0,0.0,0.053610712,0.0,0.010301471,0.0,0.0,0.037348617,0.044038393,0.07179344,0.045467377,0.00013717827,0.0,0.05554425,0.00031553482,0.0,0.0,0.0,0.0,0.024431335,0.0032810655,0.0,0.007825749,0.0,0.006079873,0.013197942,0.0,0.0,0.69815284,0.0003240814,0.004036663,0.0,0.03441698,0.0,0.0016336052,0.02217482,0.0,0.0,0.0,0.0,0.0,0.0,0.0,0.0,0.0005195323,0.009613968,0.0,0.0,0.0,0.0,0.0001221804,0.0,0.0,0.0,0.0,0.0,0.022869378,0.0,0.0,0.0,0.011465451,0.0,0.029213803,0.0,0.0018008376,0.04531124,0.0,0.0,0.0054079867,0.0,0.0069415057,0.0041260817,0.0,0.12736014,0.0025768292,0.0,0.014874461,0.0,0.0,0.0,0.03184008,0.0,0.0011748817,0.0,0.009616767,0.0,0.0,0.02502078,0.001223901,0.0,0.38155124,0.0,0.0,0.06532161,0.017195595,0.0,0.0,0.023603696,0.014797323,0.0,0.0,0.0,0.0,0.019988855,0.0,0.0,0.0,0.031083696,0.090266526,0.0058742934,0.0,0.019844197,0.0,0.00081444887,0.0,0.0,0.0104043195,0.0,0.0,0.0,0.22155043,0.20541859,0.0,0.0,0.0,0.0001563369,0.15343198,0.015731042,0.0,0.0,0.0,0.0,0.0,0.0,0.0,0.041463386,0.0045765154,0.0,0.0,0.0,0.010405275,0.0,0.0,0.0058856276,0.0,0.0,0.0014795095,0.0,0.0,0.0,0.0,0.0,0.0,0.012120342,0.12346306,0.0,0.0,0.0,0.0,0.0,0.06362962,0.0011846314,0.0,0.0,0.0,0.0,0.0,0.0,0.0030312794,0.0,0.0,0.0,0.0,0.015776219,0.0,0.0,0.016554488,0.0,0.0039154035,0.0,0.00027784402,0.0,0.00021207576,0.017680837,0.00021448062,0.0,0.019846175,0.0,0.040726315,0.015754905,0.0,0.0,0.0,0.0,0.0,0.0,0.118317224,0.0,0.0,0.0,0.0,0.0,0.07346232,0.0,0.0056150444,0.012417385,0.0011530664,0.0,0.0,0.0,0.0,0.01186188,0.0,0.0,0.008639922,0.0,0.0,0.0,0.26123774,0.0,0.28386292,0.0,0.0,0.0,0.0,0.22518793,0.0,0.034930773,0.0,0.0,0.24233311,0.0,0.0,0.0692116,0.0,0.0,0.0,0.0,0.0015927055,0.4894684,0.0,0.0,0.020261656,0.050520156,0.06819243,0.0,0.0,0.0,0.0,0.0,0.0,0.0,0.0,0.0,0.052850608,0.0014013544,0.0,0.0,0.006962582,0.0,0.0,0.03608554,0.006885385,0.0,0.03204308,0.03112269,0.0,0.0,0.0,0.0,0.0,0.0,0.0,0.0,0.0,3.8660302e-05,0.0,0.0,0.00020915543,0.0,0.01692568,0.0,0.0,0.0,0.0,0.09514851,0.0,0.007848672,0.06745326,0.0,0.009793107,0.0,0.0,0.0,0.0,0.0,0.0,0.0,0.015288329,0.0,0.00688557,0.0,0.030004637,0.0,0.0,0.0,0.0,0.0,0.002504052,0.0,0.0,0.0,0.0,0.0,0.0,0.0,0.0,0.0,0.0,0.0,0.0,0.0,0.00019772806,0.0,0.0,0.0,0.0,0.0,0.0,0.010933359,0.18513057,0.0,0.0,0.0,0.020988917,0.0,0.0,0.0,0.02566866,0.0034830868,9.306505e-05,0.0,0.008619586,0.0,0.12044525,0.0,0.3800458,0.0,0.0,0.0,0.0,0.021138484,0.0,0.0,0.0,0.014043529,0.06889264,0.0,0.0,0.082369454,0.0,0.0,0.0,0.0,0.0,0.0,0.031621773,0.0,0.0,0.0,0.0,0.019104721,0.0,0.016354196,0.0,0.10426979,0.0,0.005168619,0.0,0.0,0.047486518,0.0,0.0,0.0,0.00067606627,0.0,0.0,0.0,0.00664477,0.0,0.0,0.010995074,0.0,0.0027356304,0.3706371,0.0,0.29282835,0.0,0.0677439,0.0,0.18274653,0.036547583,0.0,0.0,0.0,0.00028878695,0.039981544,0.069857046,0.0030136886,0.0,0.022320604,0.0291884,0.0,0.13547987,0.013221957,0.0,0.0,0.0,0.0011284655,0.0040208613,0.0,0.0,0.0,0.0,3.8874394e-05,0.0,0.0,0.0008872338,0.0,0.0,0.0,0.0,0.0,0.0,0.0,0.0,0.0,0.0,0.0,0.0,0.0,0.0,0.050059646,0.0,0.0,0.0,0.0,0.0,0.0,0.0,0.0041477727,0.0,0.0,0.0,0.0,0.042934496,0.0,0.08812749,0.0,0.0,0.030364718,0.0030901907,0.0,0.010905694,0.03659307,0.014399079,0.0,0.0,0.0,0.0,0.025414594,0.0,0.0,0.0,0.0,0.029086897,0.0,0.0,0.0,0.15422109,0.0,0.0001098988,0.0,0.0,0.0,0.0,0.0,0.0,0.0,0.0,0.0,0.17773804,0.0,0.0,0.0,0.044928152,0.0,0.022955608,0.0,0.0,0.0,0.0,0.0,0.0022058943,0.0,0.0,0.00084992574,0.0,0.09529781,0.0,0.026998326,0.0,0.0,0.0,0.0,0.0,0.0,0.0,0.020165585,0.0,0.005391942,0.0,0.0,0.012702392,0.0,0.02713969,0.17606775,0.0,0.0,0.0,0.0,0.0,0.69749886,0.0,0.0,0.0,0.0,0.0,0.0,0.121459514,0.0,0.0002063598,0.0,0.10147734,0.0,0.0021736901,0.0,0.0,0.0,0.0,0.0,0.008121359,0.0,0.14708091,0.0,0.0050663985,0.0,0.0,0.013117338,0.0032273633,0.0,0.0011350646,0.0,0.0,0.0,0.0,0.0,0.023159925,0.006579912,0.0,0.0,0.0,0.0,0.0,0.0,0.019218605,0.010588191,0.0,0.010450049,0.0021380722,0.0,0.0,0.0,0.2301807,0.0,0.0,0.06486641,0.0,0.0,0.0,0.0,0.004288644,0.010620001,0.0,0.0,0.0,0.0,0.00030188687,0.0,0.0,0.0,0.0,0.0,0.0,0.0,0.0,0.0,0.0,0.0,0.038276594,0.0,0.023775334,0.0,0.0,0.0,0.003348572,0.0,0.020914536,0.0,0.0,0.0,0.0,0.0,0.0011521797,0.0,0.0023130854,0.00040004266,0.0,0.0,0.0,0.06121368,0.0,0.024002634,0.0,0.0,0.010704582,0.0,0.0,0.040634938,0.0,0.0,0.046762645,0.02077122,0.0,0.05156328,0.0,0.00013004517,0.0,0.026590647,0.0,0.00820858,0.014585352,0.0,0.0,0.0,0.08849808,0.0,0.0,0.0,0.0,0.0018371489,0.0,0.0,0.0017655601,0.0,0.0,0.0,0.0,0.0,0.0,0.12742808,0.0,0.0,0.0056804125,0.0,0.0027553737,0.0,0.004514653,0.13866326,0.0,0.0,0.0,0.0,0.0,0.0050396803,0.0,0.0,0.0,0.0,0.017123442,0.0,0.01719786,0.0076336875,0.005698445,0.0,0.0039303787,0.011463895,0.0,0.0,0.0016148069,0.00053760957,0.0,0.0,0.0,0.0,0.020913614,0.0,0.0,0.0,0.0019078224,0.0,0.49866045,0.0,0.0,0.0,0.0,0.0,0.0,0.0,0.0,0.012335323,0.029403316,0.006060525,0.0,0.0,0.0,0.09426677,0.2789786,0.0016072149,0.015147245,0.0,0.0,0.0,0.0,0.0,0.0,0.0,0.0,0.0,0.16168998,0.014516227,0.017786177,0.0,0.0,0.003596233,0.0042017307,0.0,0.0,0.0,0.0,0.15049194,0.0,0.010524344,0.0,0.0012081336,0.0,0.07144505,0.00034777,0.0,0.0,0.0022136357,0.0,0.0,0.25834936,0.0,0.0,0.011162996,0.0,0.0,0.021594351,0.033634767,0.0018088891,0.011876055,0.11409862,0.0,0.0,0.0,0.0,0.08735777,0.0,0.0009382173,0.029261664,0.0,0.0,0.0,0.018193323,0.0,0.0,0.0,0.0,0.017528098,0.0,0.0,0.0,0.008604597,0.0,0.0,0.0,0.0,0.0,0.0,0.0,0.0,0.0,0.06779871,0.0,0.0,0.0,0.0707565,0.0,0.0,0.0,0.0,0.0,0.0,0.0,0.004922859,0.0,0.09053386,0.20034681,0.003785233,0.0,0.0,0.0,0.0,0.0,0.0,0.0,0.0,0.14721467,0.0,0.037336998,0.0,0.018177321,0.0,0.0,0.0,0.0,0.0,0.19739443,0.0,0.0,0.0,0.0,0.0,0.0,0.0,0.031002609,0.0,0.0,0.0,0.0043893456,0.0,0.0,0.0,0.0,0.0,0.0,0.0,0.0,0.12444047,0.021383485,0.0,0.0,0.0,0.0,0.0,0.0,0.0,0.0,0.0,0.0,0.000285235,0.011258953,0.0,0.0,0.0025874467,0.003971601,0.010449997,0.0,0.020775367,0.0,0.0,0.0,0.0,0.07081159,0.09923386,0.009389259,0.0050186273,0.0,0.0,0.0,0.0,0.0,0.0,0.033489343,0.0,0.033936966,0.0,0.0,0.018509066,0.08876128,0.19822203,0.0,4.9960858e-05,0.0,0.0,0.0041339956,0.0,0.0,0.0,0.0,0.0,0.010547086,0.0,0.0,0.09736341,0.019779667,0.0,0.3163326,0.0,0.03779378,0.0,0.0,0.0,0.0062999786,0.0,0.0,0.0,0.0014916732,0.0010526035,0.039778102,0.0,0.017306063,0.0,0.0,0.002469328,0.0,0.0,0.0,0.0,0.0,0.20898385,0.36217284,0.0,0.14452706,0.0,0.08110512,0.0,0.0,0.0,0.0,0.0014080077,0.0,0.0,0.0,0.0,0.0,0.0,0.0,0.03802474,0.0,0.012019106,0.033889465,0.0,0.0,0.0,0.06845436,0.0,0.001018866,0.0,0.06189988,0.034055915,0.016624639,0.00027775278,0.0,0.0017048875,0.032587495,0.0,0.0,0.0,0.14668453,0.0005921028,0.0,0.0,0.0,0.00097093533,0.02231666,0.0,0.0,0.0,0.00052118057,0.018177869,0.017221708,0.0,0.0,0.05710193,0.015406898,0.0030008215,0.0,0.0,0.0,0.0,0.0,0.016853387,0.006317826,0.0,0.0,0.0,0.0,0.03877311,0.17417654,0.0,0.0,0.015578596,0.0013609102,0.0,0.0,0.0,0.0,0.0,0.0,0.33299798,0.060717102,0.0,0.0,0.0,0.0,0.0035228753,0.011648958,0.004248602,0.0,0.0,0.0,0.01106505,0.0,0.0,0.04077404,0.0,0.0,0.0,0.0,0.056729943,0.0,0.0,0.0,0.0,0.00044357046,0.017995419,0.0,0.0,0.0,0.0,0.0,0.0007835809,0.0,0.3966244,0.0,0.0,0.0014858544,0.0,0.013041127,0.065007076,0.0,0.0,0.0,0.0,0.15262836,0.0,0.06268919,0.8114529,0.17123532,0.0,0.025401665,0.0,0.0028271317,0.031369764,0.0,0.0,0.0,0.0,0.0,0.0,0.004837215,0.036724184,0.0025464236,0.027749723,0.0,0.1535392,0.0,0.0,0.064864025,0.0,0.0,0.0,0.0,0.0,0.0,0.0,0.012039019,0.0,0.0,0.0,0.0,0.0,0.0,0.0,0.007361947,0.0009791924,0.0018801792,0.0,0.0060133054,0.0006137612,0.0,0.0,0.003257716,0.0,0.0,0.0,0.0,0.0,0.0063994173,0.0,0.0,0.00085385964,0.0,0.0,0.0045545273,0.025042381,0.0,0.0,0.0,0.0,0.0,0.0,0.0,0.010197715,0.0,0.0,0.00272696,0.0,0.0,0.0,0.0,0.00019551266,0.00969061,0.0,0.0,0.016894156,0.0,0.0,0.0,0.0,0.0,0.00018295707,0.012929043,0.0,0.0,0.0,0.0,0.0,0.026836157,0.0,0.0,0.0,0.0,0.0,0.0,0.0,0.0,0.8803024,0.028998151,0.0,0.0,0.0,0.0,0.0,0.0,0.0,0.0,0.07314902,0.0,0.0194963,0.030475568,0.0,0.0,0.0,0.0,0.00012275425,0.0,0.0,0.047641754,0.0,0.0,0.03953859,0.0025159158,0.0,0.0064711287,0.0004124836,0.0,0.010819092,0.0,0.0034336117,0.0,0.492576,0.0,0.0,0.0,0.061859544,0.0,0.0,0.0,0.0,0.0009861077,0.0,0.011307739,0.02815904,0.02819106,0.0,0.0,0.0,0.0,0.0,0.0,0.0,0.0,0.0,0.0,0.0007226053,0.0,0.0,0.0,0.0,0.013141204,0.0,0.07357689,0.11539917,0.0021894295,0.0,0.0,0.025835386,0.0,0.008720693,0.0,0.0,0.0,0.0,0.0,0.0,0.0,0.55279493,0.0,0.08916648,0.0,0.06863347,0.0,0.0,0.0,0.0,0.0,0.0,0.0,0.18229657,0.0,0.0,0.0,0.0,0.0,0.0,0.0,0.041834112,0.0,0.0061538997,0.0,0.0,0.0,0.020796956,0.0010177043,0.0,0.018586462,0.05161219,0.0,0.0,0.0,0.0,0.05721129,0.0010297347,0.0,0.0,0.0,0.0025104396,0.0,0.00093057327,0.0,0.0008250229,0.0,0.0,0.01467137,0.0,0.0,0.0,0.0,0.0,0.0034858328,0.050051913,0.0,0.013516449,0.13414568,0.062408943,0.006449798,0.0,0.006227452,0.007662562,0.0,0.0,0.019774199,0.012890733,0.0,0.00046498436,0.0037591457,0.0,0.0,0.0,0.0,0.0,0.123648524,0.006541746,0.012909213,0.0,0.079758115,0.0,0.0,0.05442595,0.0,0.0,0.0,0.0,0.0,0.0,0.0,0.0,0.0,0.014632468,0.0,0.0,0.0,0.04464315,0.0,0.0019591646,0.0,0.0,0.0,0.064740025,0.039733,0.01657772,0.0,0.0,0.0,0.0,0.00034512792,0.0022411833,0.0,0.0,0.0,0.014700667,0.0,0.0,0.0,0.08296134,0.0043311096,0.043555398,0.016312016,0.10738542,0.0,0.022421649,0.0,0.0,0.0,0.0,0.0,0.0,0.001213113,0.0,0.047424473,0.0,0.0,0.0,0.012087239,0.0,0.008137124,0.0,0.011744424,0.0,0.0,0.0,0.0,0.3670405,0.00064827106,0.0,0.0,0.0,0.0027402085,0.0,0.0,0.0,0.0,0.0,0.0,0.008493774,0.0,0.0,0.0,0.0,0.0,0.0,0.0,0.00029610127,0.030757202,0.0,0.0,0.0,0.0,0.001039522,0.0,0.001112084,0.0,0.0,0.0,0.0,0.13953912,0.095825255,0.0,0.0,0.0316807,0.0,0.018390236,0.027322628,0.07272345,0.0,0.0,0.0,0.0,0.0,0.0,0.0,0.0,0.0063707572,0.06633621,0.0,0.023982093,0.03271607,0.0,0.0,0.07415612,0.09655359,0.0,0.0,0.0,0.3002047,0.0017414629,0.0,0.0,0.019152373,0.0,0.0,0.0011439214,0.045190115,0.010536807,0.0,0.0038614082,0.0,0.01079176,0.0,0.0,0.0,0.0,0.0,0.0,0.0,0.0,0.041634332,0.0043869917,0.0,0.0,0.0,0.0,0.0,0.0,0.005765834,0.005000562,0.0,0.0,0.0,0.0,0.023589661,0.0,0.004605122,0.12550847,0.00057466544,0.0,0.00044887772,0.14061469,0.0,0.014600067,0.0200706,0.0,0.0,0.0,0.0,0.04431626,0.0,0.0,0.012587185,0.0,0.0,0.0,0.13082604,0.016149694,0.0,0.08202878,0.0,0.0,0.0,0.0,0.019509898,0.0,0.0,0.0,0.0,0.019849403,0.01308907,0.0,0.2705041,0.0,0.0,0.0,0.0,0.0,0.0035241928,0.0,0.0,0.0,0.0,0.0,0.0,0.0,0.0,0.0,0.0,0.0,0.0,0.068909936,0.0,0.0,0.022892557,0.0,0.028645478,0.0,0.0,0.0,0.0,0.0,0.0,0.0,0.0,0.025757805,0.0,0.0,0.0,0.0,0.0022399328,0.0,0.020905344,0.0,0.0,0.0,0.0,0.0,0.0,0.0,0.0,0.00026406074,0.00039744985,0.0,0.0,0.0,0.042015444,0.0,0.0,0.0,0.0,0.0,0.0,0.0012680377,0.0,0.0,0.0,0.0,0.0,0.0048759314,0.0,0.0,0.0,0.0,0.0,0.0,0.025387691,0.00034064145,0.0,0.28803685,0.0,0.0,0.0,0.0,0.0,0.041475974,0.0,0.0,0.0,0.0,0.0,0.010214524,0.008234321,0.010249948,0.0,0.05259937,0.0,0.0,0.0024616427,0.0,0.0,0.0059017623,0.0,0.0003936467,0.0,0.0,0.0,0.018920615,0.0064991773,0.06405881,0.0,0.0059447093,0.021432381,0.0,0.09636295,0.0,0.0031303337,0.045471825,0.0,0.009842622,0.0,0.0,0.0,0.0,4.6770183e-05,0.0,0.0,0.07434266,0.0,0.0,0.0,0.0,0.0,0.0015401791,0.0,0.017846797,0.0,0.03395646,0.0,0.06691396,0.0020928225,0.011851589,0.0,0.22901517,0.0,0.0,0.04485677,0.0,0.0,0.02227904,0.0092781335,0.0,0.08707177,0.0063018505,0.0020299007,0.0,0.0,0.0,0.05780932,0.007948513,0.0,0.0,0.118352704,0.0,0.0,0.063324615,0.093230985,0.0,0.13981248,0.0,0.050114993,0.0,0.00031404532,0.0,0.0,0.0,0.0,0.0,0.0,0.0,0.0,0.0,0.06266189,0.0,0.0,0.0,0.0,0.0,0.0,0.0,0.0,0.0,0.0,0.0,0.0,0.0,0.020453142,0.0,0.0,0.0,0.0016858608,0.0,0.0,0.0,0.0015807395,0.0,0.0,0.0,0.0,0.0,0.0,0.0,0.0,0.0,0.0,0.0,0.00089712045,0.016563712,0.084957026,0.15846607,0.0,0.0,0.007918115,0.0,0.0,0.0,0.0,0.0,0.0,0.0,0.008783155,0.0,0.1793984,0.0,0.0,0.19256483,0.0025177598,0.0,0.0,0.05837569,0.0,0.0,0.0,0.0,0.0,0.0,0.0,0.0,0.0007383896,0.008808892,0.18064538,0.0,0.0,0.0,0.0,0.0,0.0008194021,0.0013038504,0.00015294917,0.0,0.0,0.0,0.0,0.0036842385,0.0,0.01675523,0.0,0.02554368,0.0,0.0,0.0,0.0,0.0,0.024752116,0.19841656,0.002876564,0.0,0.0037885127,0.0,0.0,0.0,0.046039045,0.0,0.00019826922,0.0,0.16742177,0.016614256,0.011589579,0.0,0.030260015,0.0,0.0,0.039127614,0.0044594454,0.0,0.0,0.07494131,5.5804543e-05,0.06309653,0.4625415,0.008142518,0.0,0.0,0.0,0.0,0.0,0.005278874,0.039343297,0.0,0.10609201,0.0,0.0,0.0,0.019810574,0.060535055,0.024600666,0.0,0.014201442,0.0,0.0,0.0,0.017102765,0.011228204,0.0067613283,0.0003767056,0.0,0.0,0.07628429,0.0,0.0,0.0,0.017591706,0.0,0.0,0.0,0.0,0.0,0.0,0.0,0.0,0.0,0.0013363295,0.0,0.0,0.0063535427,0.0,0.0,0.07814998,0.0037829012,0.0021543107,0.0,0.023430482,0.0,0.0,0.0,0.0,0.0,0.34552926,0.0036454152,0.0,0.009153502,0.0,0.0,0.0,0.0,0.011006646,0.0,0.0,0.012762478,0.0,0.0,0.0,0.0,0.0,0.00400152,0.087344944,0.0,0.0,0.0,0.0,0.0,0.0,0.0,0.05700787,0.0,0.015070589,0.0,0.037050713,0.0,0.0,0.0,0.0,0.0,0.0,0.032656714,0.10037276,0.0,0.0,0.0027800319,0.0,0.009774169,0.33965513,0.0,0.012846171,0.0061482782,0.14353538,0.008801731,0.0,0.0,0.0,0.0,0.0022930424,0.017496118,0.051590677,0.0,0.0,0.0,0.033061247,0.0,0.0,0.0,0.0,0.0,0.0,0.0,0.0,0.0,0.0036030083,0.0,0.0,0.26636982,0.006024723,0.0,0.0,0.022007497,0.03708813,0.08400924,0.018105986,0.0,0.0,0.0,0.0052775033,0.0,0.0,0.0,0.0,0.0,0.00015832453,0.0,0.0,0.30497342,0.0,0.029044252,0.0,0.0,0.0,0.0,0.0,0.0,0.0,0.0,0.0,0.0,0.0,0.0691979,0.0025607615,0.0,0.0,0.0,0.0010335798,0.012288722,0.053414203,0.0011695885,0.0,0.0,0.0,0.0,0.0,0.018200792,0.16348186,0.0,0.0,0.06252378,0.0,0.0,0.0042157318,0.0,0.021392845,0.0,0.0030256642,0.0,0.0,0.0,0.0,0.0,0.0,0.024559254,0.0,0.0,0.0,0.0,0.0,0.0,0.008693973,0.0,0.001982212,0.02516257,0.0,0.04812848,0.0,0.10029312,0.0,0.13289475,0.13125032,0.0,0.0,0.0,0.0,0.0,0.0,0.32001397,0.0,0.04528961,0.0,0.0,0.010820698,0.08594007,0.0,0.0,0.0,0.0089327,0.0,0.0,0.0,0.0,0.0,0.0,0.0,0.0,0.0,0.0026668273,0.0,0.0,0.0,0.0,0.0,0.0,0.0,0.0,0.0,0.0,0.00082923926,0.0,0.0052268193,0.004988225,0.0,0.0,0.0,0.0,0.009907418,0.008666846,0.0,0.0,0.0,0.0,0.0,0.0,0.0,0.0,0.0,0.0,0.0,0.0,0.0,0.00014024242,0.010811278,0.0,0.0,0.0,0.0,0.012753272,0.0,0.0,0.0,0.0016380171,0.0,0.0,0.0,0.0,0.0,0.0,0.0013369906,0.0,0.0,0.0,0.006517371,0.0064668264,0.0016281531,0.0,0.0,0.0,0.0,0.0,0.011571364,0.0,0.0,0.01177259,0.0,0.0,0.0,0.0,0.0,0.0,0.00775925,0.0,0.0,2.7510585e-05,0.0,0.029620783,0.0,0.1547397,0.0,0.0,0.0,0.0,0.0,0.0,0.0036602828,0.0,0.04678866,0.0,0.0,0.0,0.0,0.0,0.0,0.0,0.0046703224,0.0,0.0711982,0.0006116823,0.0,0.0,0.0051845745,0.0,0.0,0.051338386,0.0053761904,0.028828904,0.0,0.0,0.0,0.0,0.107804805,0.0,0.052115254,0.0,0.0029141174,0.0,0.0,0.0,0.08018319,0.0,0.0,0.0034375628,0.012161671,0.0,0.026506236,0.037666533,0.06561133,0.0,0.044206463,0.0,0.0,0.00042360596,0.0,0.017580092,0.0,0.0,0.06518208,0.0,0.0006895236,0.0,0.035546746,0.013862808,0.035986364,0.0,0.01596183,0.0,0.0324602,0.0,0.00317505,0.0,0.0,0.0,0.0059377574,0.0,0.0,0.0,0.014286347,0.0047030346,0.0,0.0,0.0,0.003796069,0.0,0.0031072814,0.0010751571,0.0,0.0,0.0,0.0,0.0,0.012117226,0.0,0.0,0.035828896,0.0,0.0,0.0,0.0004366712,0.3608228,0.0,0.0,0.0,0.010914659,0.0006343047,0.2109755,0.07171567,0.080935284,0.0,0.0,0.0046968507,0.0,0.0,0.0,0.0,0.0,0.0,0.0,0.015918553,0.0,0.026978273,0.09300679,0.0,0.0,0.0,0.0,0.21931565,0.0,0.0,0.0053228345,0.0,0.0,0.0,0.05108112,0.0,0.0,0.0,0.0,0.00050422153,0.0,0.0,0.0033370561,0.0010201137,0.057587214,0.0,0.021371048,0.0,0.0,0.066073,0.0,0.030659996,0.0,0.0,0.052405376,0.0,0.0,0.004277611,0.0,0.023160793,0.03479501,0.0,0.0,0.007929701,0.0,0.0017161126,0.016892418,0.0,0.0,0.0,0.0,0.0,0.0,0.0006732503,0.0,0.0,0.0,0.0033746934,0.0,0.0008192038,1.2551074,0.0055627767,0.0,0.0,0.04503005,0.014652892,0.0020365473,0.007277473,0.0,0.022803186,0.0,0.12693362,0.0073228343,0.0,0.0,0.007994872,0.0,0.0,0.0,0.11945114,0.066147484,0.0,0.0,0.0,0.11243944,0.02362505,0.0,0.0,0.0,0.0,0.042212866,0.0,0.092291206,0.026562486,0.03645357,0.0,0.01049209,0.0,0.0,0.0,0.06359227,0.0,0.0,0.0,0.0,0.04137496,0.0,0.0,0.0,0.0,0.0,0.0,0.11435286,0.0,0.12860952,0.00026977132,0.0,0.0,0.0010657201,0.005748631,0.0,0.0,0.0061060106,0.047066778,0.00012868035,0.0,0.0,0.0,0.0,0.0,0.0,0.049303662,0.0,0.03546834,0.017864047,0.0,0.0,0.0,0.0035928148,0.018256044,0.0,0.0,0.0,0.052342065,0.1653863,0.030638186,0.0,0.0,0.0,0.0,0.0016360903,0.0,0.0,0.013059559,0.09032079,0.0,0.0,0.0,0.0,0.030707756,0.0013848568,0.0,0.0,0.06548344,0.15542372,0.0,0.0,0.0,0.045736022,0.11786258,0.06673801,0.0,0.0,0.0,0.0,0.0,0.0,0.0,0.0,0.0,0.0,0.015051941,0.0,0.0,0.0,0.09665326,0.00033730513,0.0,0.0,0.0,0.0,0.19022916,0.1913754,0.23071307,0.012548634,0.0,0.0064798095,0.006990401,0.0,0.17642106,0.0,0.0,0.015386148,0.0,0.0,0.0,0.0,0.0,0.0,0.0,0.0,0.0,0.0,0.013743624,0.026244003,0.033094816,0.001624673,0.0,0.0,0.07466058,0.0,0.0,0.0,0.0062990272,0.070587926,0.0,0.0,0.0,0.0,0.0,0.016694712,0.31628057,0.002934035,0.0,0.0,0.0,0.0,0.03386908,0.0,0.03361658,0.0,0.01943393,0.0,0.24384755,0.0,0.0,0.024022773,0.0,0.00931946,0.0,0.0,0.061385997,0.017738525,0.0,0.0,0.005754551,0.0,0.0016130039,0.014031749,0.0,0.0,0.08092038,0.0,0.0,0.0,0.021627935,0.0,0.25101683,0.0,0.0,0.0,0.0,0.0,0.0,0.06636401,0.00773622,0.0,0.008409688,0.07395476,0.0110761095,0.00143781,0.004867908,0.0,0.0,0.010123035,0.0,0.0,0.001015786,0.0,0.0,0.0,0.014310081,0.014812095,0.0,0.0,0.0,0.0071259197,0.0,0.0,0.00064514606,0.014711587,0.0,0.0,0.0,0.0,0.0,0.0,0.0,0.0,0.0,0.0,0.0,0.0,0.027863603,0.024728084,0.0,0.0,0.0,0.0,0.00020907789,0.004337839,0.0054089627,0.1007563,0.0,0.0,0.0,0.0,0.0038510633,0.051232852,0.0,0.0,0.0,0.0,0.0,0.0,0.015710924,0.0,0.0,0.0,0.007904625,0.002012698,0.0,0.0,0.020516025,0.0,0.0,0.0,0.0,0.0,0.0,0.0,0.0072260583,0.0,0.0,0.0,0.013936179,0.0,0.011734144,0.0,0.09236944,0.0,0.0,0.0,0.02572844,0.019901047,0.14553182,0.0,0.0,0.048841525,0.0,0.300256,0.097866826,0.057065997,0.11669227,0.0,0.0,0.0,0.32707626,0.0038825627,0.0,0.0,0.0,0.0,0.0,0.0,0.0,0.0,0.17385831,0.0,0.022600923,0.0,0.0,0.001601314,0.0,0.0,0.0,0.0,0.12734939,0.0,0.0,0.0,0.0,0.0,0.0,0.02321736,0.0,0.0,0.011582936,0.0019554344,0.006117094,0.0,0.055165842,0.0,0.0,0.0,0.0,0.028976204,0.0,0.015234008,0.0,0.0,0.0,0.0,0.040271442,0.0,0.0,0.0,0.063589565,0.013458209,0.008521861,0.0,0.0,0.0,0.032138146,0.0,0.0023709377,0.0,0.0,0.0,0.0,0.0,0.0,0.0,0.0,0.0005282188,0.0008520849,0.028782217,0.0,0.049577527,0.03896194,0.005097005,0.0,0.0,0.0,0.0,0.0,0.0,0.0,0.0,0.0,0.0,0.0,0.148486,0.0,0.0,0.0,0.0,0.00022918837,0.0050284383,0.047421504,0.016289113,0.0013755584,0.0,0.00012542246,0.0,0.020626465,0.0,0.0,0.19835557,0.0,0.0,0.0,0.0,0.0,0.0,0.0,0.0,0.00024188295,0.0,0.0,0.0,0.0,0.0,0.06751851,0.0,0.0,0.0,0.081417285,0.0,0.0,0.0,0.0,0.0,0.0,0.0,0.0,0.0,0.0,0.0,0.0,0.008300504,0.0,0.0,0.0,0.0,0.0,0.0058137476,0.0,0.0,0.0014663484,0.005019351,0.0008622116,0.0,0.15787335,0.0,0.0,0.0,0.048790403,0.04125547,0.0,0.0,0.0,0.0,0.03459585,0.0,0.0,0.024660565,0.0,0.006289892,0.0,0.0,0.0,0.0,0.006690868,0.015509129,0.0018098062,0.0,0.0,0.0142763825,0.0,0.0,0.0,0.0,0.0,0.11414088,0.0,0.007384252,0.0,0.0,0.0,0.0,0.0,0.0,0.0,0.023289738,0.0,0.0,0.0,0.0,0.0,0.0,0.0,0.0022669812,9.121944e-05,0.0075073983,0.0,0.0,0.0,0.0,0.0059171976,0.036030225,0.013526826,0.0,0.0,0.0,0.0,0.0,0.0012273813,0.008760422,0.0,0.0,0.0,0.0,0.0,0.0,0.044580247,0.0,0.0010938057,0.0,0.0,0.0,0.0,0.0,0.0,0.027229553,0.0,0.0,0.0096476525,0.0,0.0,0.0,0.0,0.0,0.0,0.02024623,0.0,0.0,0.22247984,0.0,0.001591062,0.0,0.0,0.0,0.0,0.0,0.0,0.003023999,0.011322503,0.00090653234,0.0,0.0,0.0,0.01093527,0.011295637,0.041968103,0.0,0.32844406,0.0,0.0,0.0,0.0,0.0016422783,0.0,0.0017815804,0.0017701242,0.02724633,0.0,0.0048180353,0.0,0.0,0.0,0.0,0.0013867364,0.0,0.0,0.0,0.26754284,0.0,0.0,0.0,0.0016858504,0.0,0.0,0.009751789,0.041560013,0.0,0.0018713876,0.0,0.0,0.0,0.11748616,0.0054659154,0.0,0.00479673,0.0028851056,0.0,0.0,0.0,0.045178443,0.0,0.0,0.3171286,0.0,0.001394408,0.0,0.0,0.017528128,0.034676626,0.014014896,0.0063785096,0.0,0.0068583647,0.01268159,0.0,0.0,0.0,0.0,0.0,0.19634335,0.0,0.012272231,0.0,0.46310028,0.029929938,0.0,0.0,0.0,0.0,0.0,0.0,0.0,0.0,0.030397592,0.0,0.018104268,0.0,0.0,0.0042163613,0.0,0.0,0.0,0.0,0.0,0.040183168,0.0,0.0,0.0,0.0,0.0041069905,0.0,0.0,0.0,0.0,0.0,0.0,0.0,0.0,0.0,0.0,0.0,0.0,0.0,0.0,0.0,0.46153027,0.0130494,0.0,0.0,0.01785637,0.022488356,0.0,0.0,0.0,0.23690638,0.0,0.0,0.0,0.016076075,0.0,0.0,0.0,0.0,0.0,0.0,0.0,0.030861296,0.42920583,0.0,0.0,0.13994697,0.0,0.0,0.0,0.0,0.064901605,0.0,0.0,0.076347105,0.0,0.0,0.0010636424,0.0,0.0034124535,0.0,0.0,0.0,0.0,0.0,0.0,0.0,0.0,0.24740313,0.1461507,0.0,0.027738947,0.0,0.0,0.0,0.0,0.015490748,0.017214524,0.0,0.0,0.0,0.025280371,0.0026819864,0.0,0.0,0.0060208426,0.0,0.0,0.0,0.0,0.0,0.024032013,0.0,0.0,0.48871586,0.0,0.0,0.0,0.038242303,0.0,0.0,0.0,0.0,0.0,0.0,0.0,0.012070351,0.0,0.0,0.0064358637,0.0,0.0,0.0,0.018437559,0.018437266,0.011568809,0.0,0.018716656,0.0,0.0064474368,0.0,0.0,0.0,0.0,0.24772273,0.0,0.0,0.0,1.254466,0.0,0.0,0.0,0.0,0.0,0.0,0.0,0.0,0.0,0.0,0.016617967,0.0,0.0,0.0,0.0,0.0,0.036154345,0.0,0.0,0.0,0.009793062,0.020820212,0.23553361,0.022929352,0.0,0.0,0.0,0.0058733737,0.2706784,0.0,0.00895013,0.013925771,0.0,0.013791837,0.0,0.0,0.0047936416,0.0,0.007315683,0.0,0.0,0.0,0.0,0.0,0.001280101,0.006747105,0.0,0.3273507,0.00069098873,0.0039487216,0.007895212,0.0,0.0,0.0,0.0,0.0,0.0,0.0,0.0,0.0075811646,0.017725388,0.012820909,0.0,0.0207374,0.0,0.0,0.0,0.004418514,0.019171676,0.0,0.008036102,0.0013997653,0.0,0.0,0.0008617834,0.0,0.0,0.03199144,0.0,0.0,0.06273171,0.0,0.0,0.0,0.0,0.0,0.0,0.0,0.0058653816,0.0,0.0,0.0,0.0,0.0,0.0,0.0,0.046068843,0.0,0.0,0.0,0.0,0.013532634,0.0,0.0,0.058424264,0.04252763,0.0,0.0,0.0,0.025570441,0.0067639253,0.05756656,0.0,0.004241457,0.0,0.0,0.0,0.05041725,0.0,0.07073132,0.36747512,0.012668545,0.033906456,0.0,0.0,0.002494987,0.0,0.0,0.0,0.0,0.025187682,0.0,0.0,0.0,0.11474082,0.0,0.0,0.0,0.0,0.003544063,0.0,0.00037902716,0.0,0.017274974,0.0,0.086470135,0.0,0.0019749622,0.0,0.0,0.0,0.0040767677,0.0,0.0,0.0036838956,0.00025801588,0.05611763,0.05107125,0.010747199,0.033201545,0.0019409924,0.05102078,0.045382615,0.0048304275,0.0,0.0,0.0,0.0,0.0,0.016468704,0.23520213,0.0,0.0,0.0,0.0,0.0,0.0,0.0,0.0,0.0,0.019851694,0.0010250144,0.007398328,0.0,0.020933988,0.0,0.013172743,0.00011871056,0.007764743,0.042909592,0.0,0.0,0.0,0.0,0.0,0.0,0.02034892,0.09330724,0.0,0.0,0.0002643235,0.0,0.0,0.0,0.087810844,0.0,0.0,0.111543246,0.0,0.0,0.0,0.0,0.0,0.24564114,0.07236129,0.16640873,0.0,0.0,0.0,0.00095269753,0.0,0.0,0.00035530207,0.0,0.0,0.0,0.0,0.0,0.0,0.0,0.0,0.0,0.0,0.05148148,0.058148384,0.012618605,0.0,0.03298597,0.0,0.0,0.0,0.0,0.0,0.017926488,0.0,0.0,0.0151124345,0.0,0.0,0.0,0.0,0.260046,0.0,0.0,0.0,0.0,0.0,0.23036484,0.016471911,0.0,0.019448267,0.0,0.0656545,0.071962476,0.0,0.0,0.0,0.0,0.0,0.069909014,0.0,0.0,0.0,0.12723206,0.0,0.00027312734,0.0,0.0,0.022865329,0.0076621687,0.0,0.0,0.0015898773,0.0029575387,0.0,0.071544394,0.00049893954,0.014433102,0.043758888,0.0,0.0,0.0,0.0010078623,0.07204322,0.0033728967,0.0,0.0,0.0,0.0,0.0,0.015103824,0.00525802,0.0,0.008630789,0.0,0.0,0.0,0.0,0.0,0.0011996846,0.0,0.0,0.01349857,0.0028464017,0.006198827,0.018536959,0.0018521395,0.10658955,0.0008482848,0.003928671,0.0,0.0,0.0,0.0,0.0344591,0.0077617113,0.0,0.0,0.0,0.020246344,0.0,0.010110223,0.39853543,0.0,0.0,0.5496164,0.0,0.00509299,0.19835165,0.0,0.016014658,0.0,0.0,0.0,0.0,0.0,0.0,0.0,0.0,0.03931715,0.0,0.0,0.022806566,0.028358165,0.032775313,0.0004501945,0.0,0.0,0.00548325,0.0,0.0,0.0,0.0,0.0,0.0,0.0,0.0,0.0,0.0,0.0002726061,0.009731917,0.0,0.0,0.0,0.0,0.005478134,0.111359924,0.0,0.0,0.005986637,0.0,0.0,0.0,0.0,0.0,0.0,0.0,0.0,0.0,0.0,0.0,0.17679432,0.053997565,0.0,0.0,0.0,0.0,0.0,0.0,0.014320274,0.0019847762,0.0,0.0,0.0,0.00591082,0.0,0.0,0.0,0.0,0.0,0.020647766,0.0,0.13483284,0.0130056385,0.0,0.0,0.0,0.019560354,0.0,0.0,0.122030124,0.0,0.0,0.0,0.0,0.0,0.0,0.0,0.013913063,0.0,0.0029544698,0.0060116854,0.0,0.0015995542,0.0,0.055027213,0.0,0.0,0.0,0.0,0.0,0.4373786,0.0063589015,0.07159015,0.008460195,0.0,0.0,0.10552183,0.10964123,0.0,0.0,0.0,0.0,0.0,0.0,0.10481736,0.061936427,0.0,0.0,0.0032643748,0.0,0.0,0.0,0.0047740145,0.016049145,0.0,0.0051787575,0.0,0.34953627,0.0,0.00014349514,0.0059810514,0.0,0.0,0.0,0.0,0.0,0.0,0.0,0.0,0.0,0.0,0.0,0.0,0.008757051,0.002561804,0.24913317,0.0,0.0,0.018176144,0.0,0.05924354,0.0,0.0,0.0,0.0,0.0034053812,0.0,0.0,0.0,0.0,0.0005005233,0.0,0.006561244,0.04051735,0.43114176,0.0,0.0,0.0,0.00927267,0.0,0.0,0.0,0.008466962,0.0,0.0,0.0,0.0,0.06478255,0.014211499,0.0,0.0,0.12507394,0.0,0.0,0.0,0.0,0.0,0.0,0.0,0.0,0.0,0.043197047,0.041179646,0.0,0.0073671383,0.0,0.0,0.0,0.0,0.0,0.0003245108,0.0,0.0,0.027291395,0.0,0.0,0.0,0.0,0.0,0.03284654,0.0,0.0,0.0,0.0,0.0,0.0,0.0,0.1136166,0.0,0.011144066,0.0,0.0,0.0,0.113145776,0.0,0.0,0.0,0.25988778,0.006457595,0.45295426,0.0,0.0,0.0037520856,0.0,0.0,0.0,0.0,0.03526927,0.0,0.021968033,0.0,0.0,0.0,0.0,0.0,0.0,0.15226696,0.0,0.0,0.0,0.012912624,0.03549004,0.0,0.0,0.0,0.0,0.0,0.00023258949,0.0024445963,0.012078267,0.13333115,0.0,0.0,0.0,0.0,0.01862757,0.0,0.0,0.0,0.021240579,0.0,0.0,0.0,0.0,0.0046951585,0.0,0.0,0.0050425823,0.0,0.0,0.0016313693,0.0,0.0,0.0032732196,0.005176953,0.0,0.0,0.0,0.0,0.0,0.12886438,0.022169702,0.006393418,0.0,0.0,0.017491646,0.006606978,0.0,0.0,0.0,0.0,0.05558768,0.0,0.19340469,0.0,0.012237796,0.0,0.0038410851,0.0,0.011882635,0.040616326,0.0067500216,0.0004625205,0.0,0.0,0.0,0.0059167123,0.01115725,0.0,0.0,0.0,0.0,0.20082785,0.09025803,0.0,0.0,0.22149421,0.005462783,0.0,0.0,0.00028328993,0.040013142,0.0,0.0,0.0,0.0,0.0,0.0,0.0,0.0,0.01596757,0.0,0.0,0.0,0.0,0.0446579,0.0,0.0,0.0021715262,0.0,0.0,0.0,0.0,0.0,0.0,0.0,0.0,0.0,0.0042922073,0.013283634,0.0,0.0042328043,0.0,0.0,0.0,0.0,0.012825771,0.0012991951,0.0,0.0,0.0002851547,0.0,0.0,0.0,0.017421864,0.11370151,0.0,0.0,0.0,0.006497687,0.006540656,0.0,0.0,0.0,0.0,0.0,0.0,0.0023935775,0.013655811,0.0136138955,0.0027959018,0.0,0.0,0.0,0.56385124,0.0,0.0,0.002217263,0.0,0.002005835,0.0,0.0,0.0,0.0,4.4770386e-05,0.0,0.0,0.0,0.0018586577,0.03898238,0.0,0.0,0.0,0.0,0.03487171,0.0,0.0152559485,0.0026700113,0.0,0.0,0.0,0.015591361,0.007172062,0.0,0.0,0.12484237,0.0,0.0,0.008203053,0.0,0.14304827,0.0012383828,0.0034561693,0.00016185702,0.011908301,0.0,0.0,0.0,0.043661516,0.0,0.0,0.0056181015,0.0,0.122107856,0.0,0.3840566,0.0,0.0,0.008331244,0.0056310296,0.0,0.0,0.0,0.0,0.0,0.0,0.0,0.0,0.0,0.0,0.0,0.017686732,0.01693568,0.0,0.0,0.0,0.0,0.0,0.005390817,0.0,0.0025112368,0.0,0.0,0.0026276794,0.0,0.0,0.0,0.0,0.0,0.0,0.0,0.0,0.0,0.031222278,0.0,0.011218801,0.0,0.0,0.0,0.017862083,0.017519977,0.0,0.0034592943,0.0091230655,0.04817251,0.0,0.0,0.0,0.0,0.020370506,0.0,0.0,0.0,0.0,0.0,0.29995826,0.0,0.0,0.8291606,0.02372942,0.0,0.0,0.0,0.072715595,0.020971527,0.0,0.0,1.808332e-05,0.013503845,0.0,0.0,0.0,0.64962906,0.0,0.0,0.0021757411,0.0,0.0,0.0,0.0,0.006721993,0.0,0.0,0.0,0.0,0.0,0.0,0.0,0.0,0.00013715637,0.018157275,0.0051120995,0.0076561556,0.0,0.003225132,0.0,0.005852096,0.0027776798,0.599519,0.0030677416,0.0,0.0,0.0,0.005539084,0.0,0.0,0.0066428427,0.0,0.0,0.020099336,0.0,0.0,0.0,0.0,0.06587492,0.0,0.0008899977,0.0,0.014951675,0.0,0.0,0.0,0.054291435,0.0,0.044265844,0.0027756058,0.002185105,0.06365961,0.0,0.0,0.003250751,0.0,0.0,0.06339803,0.0,0.023572797,0.010159858,0.0,0.0,0.0,0.0,0.0056311353,0.0,0.009096936,0.0,0.0,0.0,0.0,0.0018368838,0.0,0.0,0.0,0.0,0.0,0.0,0.0,0.56001806,0.002644708,0.0,0.014512062,0.0,0.0,0.040796205,0.0,0.0050842925,0.0,0.0009364632,0.0,0.0,0.0,0.0,0.0045588203,0.0,0.0,0.004143625,0.24317926,0.0,0.0,0.07292457,0.0007101273,0.021669228,0.0,0.00041904984,0.0,0.0,0.0,0.0,0.0,0.0,0.0,0.0,0.005886072,0.0,0.0,0.0,0.01706567,0.0,0.0,0.0,0.0,0.023208126,0.043161936,0.0,0.0,0.0,0.0,0.0,0.018197296,0.006560235,0.0,0.0047185374,0.0028792408,0.0058448645,0.045914266,0.0,0.012495958,0.0,0.24719386,0.0,0.0,0.1664409,0.0025424354,0.0,0.0,0.0015297909,0.00065173575,0.0,0.0,0.0,0.0,0.1020381,0.014803648,0.0,0.0,0.0,0.0,0.07822584,0.0,0.0,0.011007822,0.0,0.0,0.0018684366,0.00093733775,0.0,0.0,0.0,0.0,0.49572358,0.0,0.04817797,0.11920071,0.049001317,0.0,0.0,0.0,0.0052714082,0.011528268,0.061891645,0.0,0.0,0.00025824382,0.0,0.0020117383,0.0,0.0,0.0,0.05154565,0.0,0.0,0.0,0.0,0.005070212,0.0,0.040368523,0.049676057,0.0,0.0,0.0,0.04940348,0.01830379,0.18836257,0.46730044,0.0,0.0,0.0066234614,0.0,0.0,0.0,0.00067809894,0.09060828,0.012183063,0.03551582,0.005349023,0.0,0.0,0.0,0.0037448052,0.0,0.024090415,0.0,0.008110135,0.016800588,0.0,0.0,0.0,0.0,0.18441354,0.0,0.0,0.0,0.0,0.0,0.0,0.0,0.0,0.0067004296,0.028513188,0.0,0.0,0.0,0.009586131,0.0,0.0059148036,0.0,0.0,0.0,0.0,0.0,0.0,0.0,0.0,0.01324462,0.0,0.037721664,0.008832452,0.01607263,0.05688872,0.02085103,0.0,0.0,0.0,0.2819009,0.023869134,0.0,0.0,0.0,0.04357217,0.0018309483,0.0,0.0,0.01989521,0.0,5.856582e-05,0.0,0.0,0.0,0.0039436617,0.0,0.0,0.0,0.0,0.0,0.12642701,0.0,0.002991073,0.02526479,0.0,0.0,0.005289462,0.0,0.0,0.0,0.035022862,0.0,0.0,0.17827004,0.0,0.0016824043,0.0,0.0,0.0,0.0,0.0,0.0,0.0,0.0,0.076739684,0.0,0.0022063723,0.0,0.0,0.0,0.0,0.06439633,0.0,0.2319542,0.0,0.0,0.0,0.0,0.15812549,0.0013004432,0.0052689896,0.0,0.013585477,0.008134761,0.0,0.0,0.0,0.0,0.0,0.0,0.0,0.00016582498,0.0013461941,0.00018733436,0.0,0.0,0.04163456,0.0,0.0042095627,0.0,0.0023043314,0.0,0.0016247375,0.0,0.0,0.0,0.0,0.0,0.0059584375,0.0,0.0,0.085474044,0.07134135,0.01897477,0.0,0.0,0.0,0.0,0.021510221,0.0,0.0,0.0,0.0,0.026285863,0.00084135483,0.0,0.09233392,0.111703455,0.0,0.0,0.0,0.00091084896,0.030621665,0.0,0.0,0.0053077852,0.04444525,0.0,0.0041477825,0.0,0.03257334,0.17113309,0.0,0.0016040851,0.0,0.0009021613,0.0,0.0,0.0,0.0025711474,0.0,0.0,0.0,0.0,0.0020225425,0.0,0.0,0.0,0.031793468,0.0,0.0018033203,0.002713627,0.0043341154,0.006167441,0.0002561029,0.0,0.0,0.0,0.0,0.025458654,0.044931587,0.0,0.0,0.0,0.0,0.0,0.0,0.0,0.0,0.0,0.0,0.0,0.0,0.08244345,0.0,0.0,0.0,0.0,0.0,0.0,0.0,0.0,0.0,0.4624283,0.0,0.05496815,0.0018719797,0.0,0.0,0.012564325,0.0,0.0,0.007171064,0.0,0.0,0.0,0.0,0.062151287,0.0,0.0,0.0,0.0,0.0,0.0,0.0,0.0,0.0,0.0,0.0,0.0,0.051348228,0.011976534,0.0,0.05676108,0.0,0.0,0.0,0.0,0.024752134,0.0,0.0,0.0,0.0,0.0,0.0,0.020082014,0.0,0.0,0.0,0.00015805935,0.0049893856,0.0,0.0,0.0,0.005782731,0.107321665,0.027035683,0.018734053,0.0,0.0,0.0,0.024773115,0.0,0.01173344,8.1783044e-05,0.0,0.0005677561,0.0,0.0,0.0,0.0,0.0065922383,0.0,0.0,0.0,0.0,0.0,0.0,0.0,0.042325858,0.0,0.0,0.0,0.0,0.0,0.2511332,0.05960305,0.012920176,0.0,0.0,0.0,0.0027306627,0.009579888,0.0036944079,0.0,0.031519853,0.0,0.0,0.0,0.0,0.0,0.0,0.0,0.04257935,0.0,0.0051275883,0.0,0.0036017287,0.037231497,0.0,0.0,0.0,0.0006157257,0.0,0.0,0.023740435,0.0,0.0014325709,0.0,0.0,0.028176649,0.0,0.0,0.0,0.02036503,0.0,0.0,0.00511466,0.0,0.0,0.0,0.0,0.0,0.0,0.0,0.0,0.0,0.0,0.022898613,0.036213607,0.0,0.0,0.0,0.0,0.0,0.0,0.0,0.0,0.030839657,0.00039801854,0.0037091118,0.064862065,0.02574088,0.0,0.0,0.0,0.0,0.005715891,0.0,0.0,0.0,1.0926694,0.0,0.027082123,0.0,0.0,0.0010583693,0.037129495,0.0,0.00040053166,0.0,0.0,0.0,0.0,0.28540722,0.0,0.0,0.0,0.0,0.0,0.0,0.0059465473,0.0,0.0,0.011504874,0.0,0.0,0.0,0.0,0.0,0.052911583,0.0,0.0,0.0,0.0,0.01579606,0.0,0.0,0.951987,0.0009341532,0.0,0.0,0.0,0.0,0.0,0.0,0.0023168812,0.0,0.0,0.0,0.014404825,0.0,0.0,0.0,0.0,0.0,0.003395157,0.0,0.0,0.0,0.0,0.0,0.060123384,0.0,0.0,0.011082932,0.027044838,0.0,0.0,0.0,0.0,0.0,0.038368262,0.0,0.0,0.026273526,0.0,0.0,0.0,0.0,0.0,0.0021993397,0.0026887965,0.03932786,0.0,0.0,0.0,0.288428,0.0,0.023828099,0.0,0.0,0.017675823,0.0011846278,0.0,0.0,0.20605652,0.0,0.0,0.028938761,0.0,0.0,0.0,0.20906806,0.0,0.0024358204,0.12783849,0.0,0.0049879975,0.03670228,0.62973714,0.0,0.0,0.0,0.0,0.0,0.0,0.027941845,0.0,0.0,0.0,0.0,0.0,0.0,0.0036797274,0.0,0.27477613,0.0,0.0,0.0,0.0,0.0,0.09254779,0.0,0.0,0.0,0.011310509,0.002089993,0.17441465,0.031846404,0.250365,0.0,0.016198788,0.0,0.028855857,0.0,0.092606105,0.0,0.041550044,0.0,0.0,0.37647173,0.0,0.0,0.0,0.0,0.0188481,0.0,0.0,0.0,0.0,0.0,0.27955553,0.009933952,0.0,0.0,0.0,0.0048977965,0.0,0.010889272,0.0,0.0070331837,0.052723363,0.0,0.0,0.0,0.0,0.0,0.0,0.0,0.20702407,0.0,0.0,0.0,0.062318932,0.0,0.0,0.0,0.031997852,0.0,0.0,0.0,0.0,0.0,0.019282268,0.0,0.0,0.0,0.00035267096,0.0,0.0011651248,0.016162863,0.0,0.0,0.021984432,0.0005966887,0.0,0.0045388592,0.0061104298,0.0,0.0,0.0,0.0733752,0.0,0.0,0.0,0.0,0.00531987,0.0,0.0,0.0,0.0015057593,0.12625197,0.0,0.008304981,0.0,0.0,0.0,0.0,0.0,0.00055502023,0.0,0.0,0.0,0.0,0.0,0.0,0.0,0.0,0.0023648946,0.014056763,0.0,0.01687375,0.0,0.0,0.0,0.0,0.0066958703,0.06795507,0.0,0.0,0.0,0.0,0.0,0.036496215,0.0024971433,0.0,0.0,0.00057332125,0.0,0.007154061,0.006485524,0.0,0.0,0.018011523,0.027708076,0.0,0.08254522,0.19388276,0.12965468,0.0,0.0,0.00730113,0.0,0.024978852,0.0,0.008905864,0.0,0.0011421859,0.01608041,0.0,0.0,0.0,0.0037228721,0.0,0.0,0.18245953,0.0,0.0,0.0,0.0,0.0,0.0026991756,0.006883811,0.026094023,0.0,0.0,0.0,0.046337068,0.0029935618,0.0,0.0,0.050743468,0.0025008984,0.0,0.0064470684,0.0,0.006909368,0.0,0.002364823,0.0,0.0,0.030401602,0.0,0.0,0.0,0.0,0.0,0.11834953,0.0024796529,0.042965584,0.0,0.0,0.0,0.052756876,0.59961784,0.08737171,0.0,0.0,0.0,0.0,0.0,0.0,0.0023669142,0.0,0.0,0.0030789862,0.0,0.026820865,0.0,0.0,0.0,0.17716324,0.03878876,0.0,0.0,0.0,0.0,0.0,0.0,0.0020674227,0.10408126,0.0,0.0,0.0,0.0013338969,0.020530924,0.0,0.0,0.1928333,0.00010579216,0.0,0.03432031,0.0,0.034499023,0.0,0.0,0.0,0.0,0.0,0.0,0.0,0.007325152,0.02797499,0.0,0.0,0.0,0.0,0.0,0.0,0.0,0.0,0.0,0.0,0.028103016,0.0,0.0,0.0,0.0,0.0,0.005371539,0.024586577,0.0,0.0,0.0,0.2262622,0.0,0.0025918824,0.0,0.0,0.0,0.0009085171,0.0,0.0047457074,0.0,0.00022167576,0.03725255,0.0,0.0,0.007936402,0.0,0.074631974,0.0,0.0,0.001479824,0.0,0.0,0.0,0.0,0.0,0.0,0.031600304,0.005315109,0.0,0.0,0.0,0.010804647,0.0,0.0,0.0,0.014981774,0.0,0.008228632,0.0,0.0,0.0,0.0,0.018781574,0.0,0.0,0.0,0.0,0.0,0.0,0.0,0.0,0.0029235245,0.0,0.005862331,0.0,0.044232864,0.018106079,0.0,0.0,0.0,0.0014076519,0.0,0.0,0.00012548907,0.0,0.0,0.0,0.061664872,0.0,0.0,0.0,0.0,0.0,0.0,0.00174408,0.0,0.05108234,0.0,0.0,0.0,0.02356518,0.0,0.006791769,0.011302619,0.0,0.0,0.0,0.0,0.0,0.0,0.0,0.046899777,0.24011701,0.0,0.0,0.0,0.0027553749,0.0,0.0,0.0,0.019916246,0.0,0.00025186612,0.01703724,0.044369284,0.0,0.16321681,0.0,0.0,0.0,0.0,0.0,0.033680744,0.015345413,0.0,0.0,0.0,0.04752631,0.0,0.08740464,0.0,0.0,0.0,0.0,0.0,0.0,0.0011793473,0.0,0.0,0.000624872,0.0,0.0,0.0016644001,0.011453922,0.0,0.0,0.0017618792,0.0,0.0006485691,0.0,0.0,0.0,0.0,0.0,0.0,0.0029224448,0.0,0.0,0.018206188,0.0049734917,0.0,0.0,0.0,0.0,0.0,0.0,0.0,0.0,0.0,0.0,0.0,0.0,0.0,0.005811741,0.0,0.0,0.0,0.0,0.0,0.058865197,0.0,0.016967954,0.0,0.013113085,0.0,0.01818805,0.02576169,0.0,0.0,0.0,0.0,0.0,0.012098876,0.0,0.03416066,0.0,0.02683731,0.0,0.0,0.0,0.0,0.04319156,0.0019925504,0.005313675,0.012624001,0.0,0.0,0.0,0.02032403,0.0,0.009303611,0.0,0.0,0.0,0.0,0.0,0.0,0.0,0.0,0.0,0.025564402,0.0,0.0,0.0,0.004227449,0.15547998,0.06740032,0.0,0.020795926,0.0019264757,0.042705152,0.019574625,0.0,0.0,0.0,0.008453834,0.0,0.0011575575,0.0,0.5593921,0.0,0.0,0.0,0.0,0.0,0.0,0.00031744977,0.0,0.0,0.0,0.0,0.0,0.0,0.0,0.0,0.0,0.0,0.0,0.0,0.0036161689,0.0,0.22150509,0.0003280129,0.015982788,0.0,0.03987205,0.0,0.027472258,0.0,0.0,0.0,0.0054964665,0.0,0.0,0.007849304,0.0008468506,0.2376115,0.0,0.013214143,0.0,0.027984366,0.04403034,0.06624233,0.039505243,0.028938841,0.0,0.08577207,0.0,0.0,0.0,0.0,0.0,0.0,0.024212195,0.0,0.07193864,0.0012673085,0.0,0.006815718,0.0,0.0019370518,0.0,0.0,0.0,0.0,0.0,0.0,0.0,0.007307134,0.37906492,0.0,0.00087547424,0.114340104,0.0,0.0,0.00018881535,0.0182016,0.0,0.0,0.0,0.076824605,0.0,0.0,0.0,0.11127028,0.0,0.0,0.00020402548,0.0247387,0.0,0.0,0.0,0.0038883162,0.0,0.22832824,0.0,0.0,0.0,0.0,0.0,0.0,0.0,0.0,0.017432267,0.0,0.06711336,0.0,0.0,0.0,0.061979562,0.0,0.014216924,0.0,0.0,0.0,0.0,0.054354846,0.0,0.013865267,0.0,0.0035990903,0.0015479533,0.0,0.00854209,0.18039276,0.0,0.0,0.0,0.0,0.0015771973,0.028014623,0.003140795,0.013083391,0.0002768718,0.0,0.0,0.0,0.0,0.0,0.0,0.0040279296,0.0,0.0,0.0,0.0,0.0,0.0,0.0,0.0,0.0049449108,0.0,0.0,0.0,0.033721723,0.0009873254,0.0,0.0,0.0,0.00028893654,0.42073247,0.0,0.0,0.0043728086,0.0,0.0,0.0,0.0,0.0,0.0,0.0,0.00072653743,0.0,0.0,0.008472356,0.0033628885,0.24536444,0.0,0.0,0.0,0.0,0.08125891,0.0012671734,0.014921388,0.0,0.0,0.082904845,0.0,0.0,0.0057069478,0.0,0.17817137,0.0,0.00086234295,0.0,0.0,0.0,0.008814441,0.0,0.0,0.03872099,0.0,0.07309271,0.03891972,0.0,0.0,0.0,0.0,0.012370284,0.0,0.0,0.0,0.0047253296,0.0,0.0,0.0,0.0051034153,0.0,0.0,0.0,0.0007463219,0.015903281,0.0,0.013645875,0.25320184,0.0,0.0,0.092925645,0.73099285,0.017919157,0.0121754315,0.0,0.0,0.0,0.0,0.004045663,0.0,0.0,0.2921548,0.0,0.0,0.000320836,0.0,0.0025181284,0.07387721,0.0,0.00031253026,0.0,0.0014713057,0.001205902,0.01975716,0.0,0.0,0.013669833,0.023823025,0.0,0.0,0.0051534036,0.099824846,0.12443192,0.0,0.044266555,0.0,0.0,0.0,0.0,0.0,0.0057183383,0.0,0.0,0.0,0.0,0.0,0.0,0.0,0.039990667,0.002282678,0.0,0.0,0.0,0.013099739,0.003851046,0.02543989,kennedy4.jpg
5,0.0,0.0,0.0,0.00047075748,0.0,0.0,0.0,0.035477895,0.0,0.011748718,0.019518958,0.0005530423,0.0,0.0,0.20206782,0.0,0.0,0.0,0.18155155,0.023408707,0.0,0.0,0.005766598,0.0,0.0,0.0,0.0,0.011447943,0.0048772735,0.0,0.0,0.0,0.0072635277,0.04877137,0.0,0.0,0.0,0.0,0.025676614,0.00644545,0.0,0.17012598,0.005726437,0.0,0.0,0.003981661,0.0,0.0,0.0,0.0,0.0,0.0,0.0,0.0,0.0,0.0,0.0,0.0,0.14407212,0.0,0.007799741,0.0,0.00678365,0.0031750908,0.0,0.0,0.0,0.0,0.10864178,0.0,0.0,0.0,0.08173504,0.0,0.005539872,0.0,0.15796354,0.0,0.0,0.0,0.056369495,0.0,0.025244363,0.0,0.0,0.028141052,0.0,0.0,3.2420063e-05,0.0,0.0,0.01371986,0.0,0.0,0.0,0.04764835,0.00015953091,0.021079008,0.0,0.0010594799,0.0,0.0005247301,0.0,0.0,0.26240778,0.0,0.0,0.0,0.03277141,0.0011656224,0.0,0.018548222,0.0,0.0,0.0,0.0,0.115000024,0.02547537,0.11326199,0.0,0.0028135946,0.0093596205,0.0,0.010193025,0.1173823,0.0,0.0063161706,0.0,0.0,0.00074416946,0.0,0.0,0.0026993118,0.014704594,0.0,0.0006907886,0.0,0.0,0.0,0.0059485827,0.0022678534,0.085546814,0.0,0.0015602428,0.0,0.0064191334,0.0,0.0017187158,0.0,0.18916632,0.0,0.0052450015,0.11875201,0.0,0.0,0.0011405909,0.023730755,0.0011353553,0.0,0.0019432221,0.0,0.008915841,0.0,0.027380649,0.0,0.0,0.0,0.0,0.014623574,0.0,0.0,0.025189864,0.03937087,0.0024310641,0.0,0.0,0.0,0.0,0.0024112572,0.0023470717,0.0,0.0,0.0,0.0,0.0,0.0,0.01726394,0.0048499643,0.0,0.0,0.0,0.0,0.0017253428,0.0,0.02446909,0.0060624923,0.025022244,0.0,0.0,0.14423288,0.0,0.0,0.0,0.0,0.018316802,0.021418693,0.0,0.0,0.0,0.016746355,0.0,0.0,0.0,0.01223668,0.046319008,0.001578533,0.0,0.0,0.0,0.0,0.0,0.01541948,0.0,0.019896695,0.008007109,0.0,0.0009732502,0.0,5.6315443e-05,0.007610466,0.0,0.35100114,0.011180791,0.0,0.0,0.0,0.0,0.0,0.0,0.0,0.0057318136,0.0003283559,0.0,0.0,0.12692024,0.018423965,0.0,0.0,0.026050562,0.0,0.0,0.0,0.07818283,0.0,0.0020433106,0.0,0.0012707795,0.0,0.0,0.012256153,0.0,0.0037656622,0.0051456387,0.0,0.0,0.025961386,0.29190922,0.0,0.0,0.0,0.2697679,0.01939734,0.0,0.04419587,0.0,0.34520623,0.067193575,0.0,0.0038437403,0.0021690594,0.015355364,0.0,0.07725254,0.0,0.0,0.007648188,0.0,0.09619203,0.0025794676,0.0,0.22260487,0.0,0.0,0.017021762,0.100886725,0.0,0.0,0.0,0.0,0.13951612,0.0,0.0,0.0019314463,0.0,0.0077685216,0.0,0.0,0.02474164,0.0,0.0,0.0077757025,0.0027121133,0.0,0.0,0.0,0.0,0.0029181484,0.0,0.0,0.008832293,0.04479816,0.0017625561,0.0,0.0,0.0,0.0,0.07105682,0.025581691,0.034681126,0.0,0.0,0.083005175,0.0,0.0,0.0043357136,0.0,0.021167725,0.023595434,0.0,0.0,0.0,0.0,0.011889497,0.017880421,0.0,0.0,0.0,0.0016936166,0.0,0.0,0.0,0.0,0.0,0.007227156,0.491619,0.0051038032,0.0,0.051380746,0.0,0.067345574,0.0,0.5697931,0.2983323,0.0,0.0050868257,0.0,0.0,0.0,0.004226827,0.0053860876,0.0,0.0016250331,0.0,0.003498452,0.0,0.0004570028,0.0,0.0,0.0,0.0,0.0,0.0,0.0,0.0,0.0,0.007076828,0.0,0.0,0.0,0.0,0.002595634,0.0,0.14051908,0.0,0.0041527385,0.0,0.0,0.0,0.07808066,0.0,0.0066945134,0.0,0.023603985,0.0,0.0,0.0,0.0,0.01015359,0.030525113,0.0035826813,0.0,0.015480856,0.0031768205,0.007071797,0.0,0.0,0.0057161804,0.009697798,0.0,0.005735429,0.0,0.0,0.0,0.0,0.0,0.0021137048,0.0,0.0,0.00096114434,0.0,0.0,0.0,0.0,0.0,0.0,0.0,0.0,0.02636777,0.031133069,0.06939925,0.0,0.0,0.0,0.12077417,0.2184391,0.0,0.009689097,0.0074899173,0.009837484,0.0029795535,0.0,0.0,0.0,0.34142,0.027671004,0.032456484,0.0,0.0,0.0,0.0,0.0,0.014125732,0.0,0.0,0.021819947,0.01698405,0.0728993,0.16601856,0.0,0.080033556,0.7050058,0.0,0.007243638,0.0,0.10600414,0.10572828,0.0,0.0,0.0,0.015346686,0.0,0.0,0.0,0.0,0.0,0.0,0.0,0.0,0.0012570109,0.0,0.0018056729,0.04924916,0.008023751,0.0074726283,0.018511431,0.0,0.0,0.0,0.022336807,0.03681518,0.0,0.0054406207,0.0,0.0,0.0,0.0,0.021577127,0.0,0.0019380797,0.0,0.0,0.0,0.001582333,0.001282611,0.0,0.0,0.0,0.66676456,0.0,0.0,0.0,0.0,0.0,0.051542453,8.618953e-05,0.0,0.0,0.012989327,0.010928976,0.0,0.0,0.0,0.023854932,0.0054390808,0.062199883,0.0,0.0,0.02667535,0.0,0.045490175,0.005210036,0.0,0.0,0.21921027,0.023930173,0.029379211,0.000998424,0.0,0.011025035,0.0,0.0,0.03507396,0.0,0.0,0.043385476,0.0,0.0,0.0,0.0,0.0105530415,0.0007664203,0.039890405,0.0,0.07093512,0.0,0.012534661,0.0,0.00027043966,0.05735718,0.0,0.0,0.0,0.0,0.0,0.0,0.0,0.0011733539,0.0,0.104265235,0.0,0.07570944,0.0,0.10272828,0.0,0.0,0.0,0.008654036,9.194686e-05,0.0,0.0,0.0058812364,0.0016911383,0.05547118,0.0,0.0,0.0,0.0,0.03463723,0.0,0.0,0.13528837,0.0,0.0,0.13813105,0.06944833,0.0,0.0031976542,0.0,0.0,0.0,0.0,0.0,0.0,0.0,0.048013255,0.013629295,0.0,0.0,0.0,0.0,0.0015450655,0.0,0.0,0.0074037034,0.0,0.00900943,0.016697807,0.12026084,0.0,0.0,0.0,0.0,0.0007742899,0.049298976,0.0,0.0,0.011510066,0.0032098505,0.0,0.0057412935,0.002567728,0.011472916,0.0,0.0,0.0,0.0,0.0,0.0,0.092817076,0.0,0.0,0.0,0.01057047,0.0,0.0046435716,0.0,0.0,0.14219159,0.07236998,0.0,0.0021196506,0.0026500742,0.0007227294,0.0042197346,0.0,0.0,0.01689608,0.0,0.0,0.1609746,0.0,0.020879468,0.0,0.0,0.0,0.0,0.0,0.0,0.08281052,0.0029697758,0.0,0.0,0.10195414,0.0,0.0,0.2509452,0.0,0.0,0.010130873,0.00065384957,0.0,0.05782609,0.0,0.0,0.0,0.0,0.0,0.0,0.007017307,0.0,0.0,0.010738842,0.00403802,0.0,0.0,0.0,0.09854013,0.0,0.0,0.0,0.0,0.0036390675,0.0010190491,0.008440617,0.036230244,0.0,0.0,0.0,0.02003467,0.0,0.009434815,0.0,0.0015778125,0.11194257,0.0125313215,0.0,0.014882538,0.0,0.0,0.0,0.0,0.0,0.16167484,0.0,0.0023454549,0.021510458,0.0004105775,0.008018024,0.0,0.0,0.006178848,0.0,0.0,0.26858357,0.00040194695,0.0008426138,0.0,0.0,0.05612383,0.0,0.0,0.0,0.055395734,0.0,0.0,0.00028075004,0.0,0.20197463,0.021438839,0.0,0.0,0.010190544,0.0,0.0,0.017380306,0.019205306,0.0,0.0,0.02128562,0.022199305,0.0,0.0029641949,0.0,0.035501163,0.0,0.0005774978,0.06732967,0.0152669195,0.0,0.0,0.0,0.0,0.0,0.0,0.0,0.01171251,0.0037126907,0.0,0.0,0.0,0.0,0.0,0.0,0.15983339,0.0,0.055830732,0.018671323,0.0,0.03432338,0.0,0.0,0.0036965262,0.0,0.0,0.013177804,0.0,0.0,0.0,0.0,0.0,0.0,0.0,0.10159139,0.0,0.009934997,0.0,0.0,4.8102163e-05,0.018266423,0.0,0.0,0.0,0.0,0.0,0.0068573467,0.0,0.0040179566,0.0036835647,0.0,0.0,0.0,0.0023838964,0.0,0.0018391171,0.0,0.00812835,0.0,0.023457617,0.033662092,0.0017253052,0.0,0.045092095,0.012602025,0.00023747464,0.012079901,0.0011801178,0.023960605,0.0,0.0,0.20458452,0.0,0.0,0.011141717,0.0,0.013765077,0.0,0.0,0.0,0.0,0.0,0.0,0.027722854,0.0,0.0,0.015189385,0.0,0.0,0.0,0.15124309,0.0,0.28089753,0.0,0.0026809166,0.0,0.0,0.22352067,0.008409095,0.0013448839,0.0,0.009958963,0.43450257,0.0,0.0048268107,0.23585893,0.0,0.0018391901,0.0,0.0,0.17960662,0.050725877,0.0,0.0,0.0,0.099413045,0.17796858,0.0,0.0,0.0,0.0,0.0,0.0,0.0018742182,0.0,0.0,0.0,0.0032888073,0.0,0.0,0.012080698,0.0,0.0,0.34092155,0.0,0.0,0.0,0.023794642,0.0,0.0018424903,0.0,0.0,0.0,0.0,0.0,0.060830355,0.0,0.01900507,0.0,0.0,0.0,0.0,0.0,0.031105734,0.0,0.015251469,0.0,0.008036939,0.0,0.0030960003,0.0026334706,0.0,0.07747685,0.0,0.0,0.0,0.02494684,0.0,0.0,0.0,0.022439696,0.0,0.0,0.0,0.008190524,0.0062312093,0.0,0.0,0.0005986783,0.0,0.017076256,0.04234245,0.0123328045,0.029247481,0.0,0.0,0.0142559325,0.0,0.0,0.0,0.0,0.0,0.0,0.0,0.0033937248,0.0,0.0,0.0,0.0,0.0,0.0,0.009068621,0.0,0.0,0.0017130496,0.0,0.008106543,0.0016312331,0.0,0.0,0.0,0.0,0.0,0.007854489,0.010125996,0.001499232,0.11116161,0.0,0.2731647,0.0,0.0012328615,0.0,0.0048208637,0.0056491117,0.0013500315,0.0001302167,0.0,0.013700389,0.11693659,0.00860983,0.0,0.0,0.0,0.0,0.0,0.0,0.0031085513,0.0,0.00086919445,0.005314688,0.0,0.0,0.0,0.005585223,0.0,0.0,0.0,0.048638713,0.0010876899,0.02264196,0.0,0.0,0.0,0.0,0.0,0.0,0.004188726,0.0,0.0,0.0,0.0,0.0,0.0,0.0,0.0,0.0,0.07663135,0.011944072,0.0,0.0,0.0,0.015790839,0.0,0.08069352,0.0009873424,0.0,0.0,0.002827831,0.0003360303,0.024602732,0.0045726034,0.0029206094,0.0,0.0,0.0,0.0,0.0030605118,0.0,0.0,0.0,0.07745923,0.01075787,0.0,0.0,0.043618653,0.0045099147,0.0,0.0,0.002838436,0.012264386,0.061659664,0.0,0.0,0.001988316,0.013818084,0.0,0.0,0.0,0.0,0.0,0.0029784648,0.01554769,0.0,0.0,0.062557496,0.014783054,0.0,0.0,0.0,0.0,0.0,0.0,0.027128551,0.0,0.0,0.0,0.0,0.016244672,0.0035842366,0.0,0.0,0.0,0.0,0.0,0.0013307382,0.027592728,0.028096946,0.002817009,0.0,0.011951101,0.004099886,0.0,0.020406771,0.0,0.0,0.0,0.0,0.102304906,0.0,0.201023,0.0,0.031983435,0.0,0.0,0.015309178,0.0,0.0,0.0008459772,0.0,0.0,0.0,0.0012955982,0.0,0.09293457,0.20533797,0.0,0.0,0.006769033,0.0015513824,0.0,0.0,0.0,0.0,0.118382685,0.0,0.0025701404,0.0044876374,0.0,0.0,0.0,0.06589992,0.0,0.0011464552,0.0,0.002411998,0.0,0.0,0.0,0.0,0.0,0.0077116773,0.0067012967,0.041122615,0.0,0.0,0.013565246,0.0,0.0,0.05170749,0.0,0.0,0.0,0.0,0.0,0.6614303,0.0,0.0,0.0,0.0,0.0,0.0,0.0,0.0,0.0,0.0,0.059926998,0.0,0.0,0.0,0.005785521,0.0,0.0,0.0,0.04442643,0.0,0.022472749,0.012367358,0.14231658,0.0033735791,0.0,0.0028059946,0.010935827,0.020117035,0.00039370693,0.0,0.0,0.0,0.0,0.0,0.0,0.0,0.0,0.0,0.0020493658,0.06725563,0.0,0.05151509,0.0,0.0,0.0,0.004556444,0.0029771132,0.0,0.0,0.0557406,0.27627346,0.0,0.002672406,0.0,0.0,0.0,0.0,0.008371205,0.054031197,0.15471356,0.0,0.0,0.0,0.0,0.0,0.0,0.0063997363,0.0,0.0,0.0,0.0,0.0,0.0,0.0,0.0,0.0,0.0,0.0,0.016928673,0.0,0.011484608,0.0,0.0,0.0,0.0,0.0015435924,0.0015827041,0.0,0.0,0.0,0.0,0.0,0.0015423,0.0,0.055538177,0.017668786,0.0015767479,0.00019161799,0.0,0.23055688,0.0,0.10270947,0.0,0.0010112111,0.0,0.0,0.0,0.0,0.031028196,0.0,0.0,0.0,0.009753538,0.021164177,0.0,0.0,0.025431594,0.0016172613,0.0,0.0,0.0,0.0,0.0,0.0,0.0,0.0,0.0,0.0,2.4487777e-05,0.0,0.0,0.0,0.0020515202,0.00024370028,8.09869e-05,0.04016127,0.0,0.10870784,0.0,0.00803456,0.0,0.0,0.0014847694,0.0,0.11690748,0.06953183,0.0039063985,0.0,0.0,0.009738246,0.0,0.0,0.015667869,0.0,0.0,0.070642196,0.0038290012,0.00093599973,0.006882659,0.016184013,0.04631645,0.0041603846,0.0,0.0,0.0,0.0,0.0,0.0029008216,0.0,0.02742384,0.0,0.021863239,0.02065142,0.0,0.018807711,0.0,0.0,0.0,0.41299117,0.035604704,0.0,0.0004303285,0.0,0.009543811,0.0,0.0,0.0,0.0,0.0476398,0.02629208,0.0,0.0,0.08563172,0.11483405,0.19909605,0.00087629654,0.016992522,0.0,0.013700055,0.0,0.0073013986,0.0,0.00081956387,0.010243366,0.0,0.0,0.009803952,0.0,0.060395893,0.008422783,0.0,0.020412128,0.0,0.06087095,0.0,0.0,0.0,0.08742897,0.0,0.016891519,0.009571563,0.009988256,0.0,0.0313396,0.0,0.0,0.0,0.012273233,0.053874902,0.0,0.16890438,0.04987114,0.0,0.0,0.0,0.035872933,0.0,0.06920232,0.0,0.012034305,0.007121305,0.006860053,0.0,0.0,0.0,0.026315123,0.0,0.021357141,0.0018382437,0.0,0.0,0.0,0.12243563,0.0,0.0,0.0,0.0020130556,0.16675632,0.0,0.0,0.0,0.0,0.0,0.0,0.0,0.0,0.10316821,0.0,0.0,0.05696381,0.0012266757,0.06431604,0.0,0.0,0.004644585,0.0,0.0,0.0,0.0049232855,0.0011045252,0.0,0.0,0.0,0.0,0.0,0.009068827,0.038764775,0.0,0.0017316494,0.0,0.0,0.0,0.0,0.0,0.0014561245,0.0,0.011176387,0.025765862,0.0,0.0,0.0,0.0,0.0,0.0,0.0,0.0,0.024476591,0.0,0.0019593507,0.0,0.0,0.0,0.0,0.0,0.0,0.0,0.053896192,0.0005977799,0.0,0.017355848,0.0,0.005995631,0.0,0.0073441304,0.0,0.0,0.023273978,0.0,0.008484072,0.0,0.0,0.0,0.0026952256,0.0,0.011673129,0.0,0.0,0.0,0.0,0.0,0.0,0.0,0.0,0.0,0.0025032503,0.010616267,0.0,0.0,0.0024029918,0.005176954,0.002232371,0.0,0.0,0.08847759,0.0,0.0,0.0,0.0,0.0,0.0,0.0,0.0,0.0034759264,0.0,0.009512785,0.0,0.009201273,0.014110215,0.10721713,0.0,0.0,0.0,0.00521068,0.0082031395,0.0,0.0,0.017921291,0.0,0.0015508533,0.0,0.0,0.0,0.004458398,0.46557963,0.021209564,0.0,0.0028722635,0.0,0.035969634,0.0,0.0,0.0,0.00861052,0.0,0.0050230147,0.0,0.0,0.03648789,0.0,0.0058943983,0.0,0.0,0.0,0.0,0.0,0.0,0.0,0.0,0.0,0.0,0.0,0.0,0.0,0.0,0.047509164,0.0,0.0,0.0,0.0,0.0,0.0,0.0,0.0,0.0,0.0,0.0,0.0,0.009600556,0.0,0.0,0.0,0.0,0.0,0.0,0.0,0.0,0.06869879,0.0,0.0042724884,0.061063845,0.030645974,0.018541338,0.0,0.0062012966,0.053436212,0.0,0.0,0.0,0.17731826,0.0044985577,0.0,0.0,0.0,0.0,0.0,0.0,0.0,0.0086807,0.0,0.0,0.051251687,0.0,0.0,0.026834931,0.0,0.028151544,0.0,0.12222324,0.0,0.0014648511,0.0,0.0,0.03109377,0.0,0.0,0.0,0.05437516,0.082914725,0.0,0.0,0.0,0.009371236,0.0,0.0,0.022587392,0.0,0.0,0.0,0.0038932622,0.004573947,0.17558028,0.00690746,0.0,0.0,0.0,0.0,0.022198375,0.0,0.0020851255,0.0,0.0,0.0,0.0,0.0,0.20994104,0.0,0.0070460406,0.0,0.043573204,0.0,0.0,0.0071177757,0.004178081,0.005796452,0.02473243,0.22431241,0.0,0.0013038237,0.0,0.0,0.09693534,0.0,0.0,0.08498979,0.0,0.0,0.0,0.0,0.0,0.021749007,0.0,0.0,0.016200526,0.0,0.1831827,0.0,0.08924202,0.534307,0.014769215,0.0,0.0,0.007233041,0.01535529,0.0,0.0,0.0,0.0,0.0,0.019238915,0.020722048,0.028854884,0.0039747795,0.008758967,0.001196146,0.0,0.02053109,0.0,0.0,0.021128202,0.0,0.002185251,0.0,0.0,0.0,0.0,0.00085553585,0.002379042,0.0,0.0,0.0,0.0,0.0,0.0,0.0,0.0,0.0,0.01345234,0.0,0.0,0.011502758,0.0,0.0,0.011851517,0.0,0.0,0.00019769279,0.0023197378,0.0,0.005983017,0.0,0.0,0.0,0.0,0.0,0.0,0.0048785917,0.0,0.0,0.025812933,0.013482033,0.0,0.0,0.008219785,0.0082835285,0.0,0.028399657,0.04664498,0.0,0.0,0.0,0.0,0.0,0.00074497657,0.0,0.0,0.0,0.0,0.0,0.0,0.028264573,0.0,0.0,0.0,0.0023326837,0.0017311682,0.0,0.0,0.0,0.009873055,0.0,0.00023672411,0.0,0.0,0.0,0.0,0.00043432202,0.0,0.0,0.26245844,0.0,0.0,0.0041824016,0.0,0.0,0.0017090793,0.0137155345,0.0,0.0031835455,0.0,0.026461825,0.09281483,0.0,0.0037874402,0.0,0.0,0.0008509275,0.0,0.00073935743,0.010643886,0.0,0.0,0.0440287,0.0014359306,0.0,0.0,0.0,0.0,0.003067542,0.024121849,0.010611684,0.0,0.10532564,0.0,0.0,0.0,0.01835296,0.0,0.0,0.0,0.0058668633,0.0,0.0,0.0,0.0029959437,0.08841498,0.0016429789,0.0,0.0,0.0,0.0,0.0001749451,0.0,0.014319178,0.0,0.00548752,0.0,0.0,0.0,0.0,0.0,0.026772628,0.0,0.016857153,0.03420269,0.004940273,0.0,0.029609913,0.0,0.0,0.0026361323,0.016993426,0.0,0.0009043011,0.0,0.0,0.0,0.0,0.3747351,0.0,0.70155567,0.020703174,0.0,0.003310313,0.003590585,0.0,0.0,0.014365829,0.0,0.0,0.0,0.0,0.0,0.0,0.0,0.0,0.0,0.0,0.16308981,0.0,0.10684127,0.0,0.0,0.0,0.0,0.030209716,0.0,0.0025488334,0.0,0.0,0.0,0.0,0.0,0.13572523,0.056094076,0.0,0.0,0.019487785,0.0027630725,0.0,0.037698258,0.0,0.024759857,0.0,0.0,0.0,0.0,0.0,0.0,0.0,0.0003535772,0.0,0.07960754,0.0,0.054230876,0.09616227,0.04196,0.0,0.0013920653,0.0009265469,0.0,0.0,0.0052461745,0.0014664321,0.0,0.0,0.0,0.0017688031,0.0,0.0,0.0037862598,0.001650106,0.015458981,0.0059081917,0.0034060916,0.0319176,0.00261131,0.0,0.005893819,0.0,0.056344047,0.0,0.0,0.0,0.013567745,0.0,0.005540592,0.0,0.0,0.0,0.0,0.0,0.0,0.0,0.42488667,0.09148548,0.0,0.0,0.0,0.0,0.022845866,0.0,0.0,0.0,0.0,0.0,0.0,0.0,0.0,0.021546379,0.0,0.01919065,0.0069899266,0.0,0.0,0.0,0.0,0.0001142098,0.0,0.005913454,0.0,0.018163187,0.0,0.0010802514,0.0010358727,0.0022855534,0.0,0.0,0.0,0.0026538898,0.0,0.0,0.0,0.0,0.0016738165,0.021349678,0.0,0.03569618,0.0043370426,0.0,0.0,0.0,0.0,0.0042914883,0.12008534,0.04645108,0.0,0.043382972,0.0,0.0,0.0,0.0,0.0,0.0,0.0,0.03337878,0.0,0.0,0.0,0.0,0.0,0.0,0.0,0.0,0.0,0.017078321,0.0,0.038950127,0.0,0.0,0.10949886,0.0,0.004143817,0.0,0.0,0.0,0.0,0.16067465,0.0,0.0,0.027381247,0.0,0.0,0.005738278,0.011593144,0.049805954,0.08985389,0.0022644291,0.0,0.0,0.0,3.069974e-05,0.01050361,0.0,0.013658854,0.2665698,0.0,0.0040348317,0.016622802,0.0,0.0012208989,0.036919165,0.0,0.014597241,0.0,0.0,0.037784413,0.0,0.0,0.0,0.0,0.0,0.0,0.01041877,0.025087966,0.0,0.0,0.0,0.0,0.0,0.007846276,0.0,0.0,0.0,0.03313229,0.0,0.0,0.0,0.0,0.030894732,0.0,0.0,0.0,0.0,0.015422045,0.0,0.0,0.0,0.00031115572,0.0004409661,0.0,0.0,0.0,0.005568751,0.018182589,0.004934132,0.0,0.0,0.0,0.014686493,0.0,0.043623347,0.0,0.0,0.0,0.0,0.0,0.0,0.0,0.0,0.0,0.0064566853,0.0,0.0,0.09063308,0.0027399233,0.0,0.000522338,0.0,0.0,0.0,0.0,0.0,0.0,0.020858929,0.0,0.0,0.014910709,0.0033035474,0.0013854224,0.024489835,0.014053667,0.0,0.00020234683,0.04591541,0.0,0.002405112,0.0,0.015328976,0.0,0.12186066,0.0,0.0003249864,0.002784768,0.0,0.0,0.0,0.011487992,0.0,0.08787417,0.0,0.0,0.0,0.0,0.013144709,0.0,0.0,0.0,0.0,0.0,0.0009842794,0.0,0.0,0.0014683336,0.0021582774,0.0012235958,0.0,0.0,0.007868796,0.0035982546,0.121774286,0.0013169165,0.0,0.0,0.012722106,0.004540408,0.0,0.0,0.00063059526,0.0027890522,0.0,0.0,0.0,0.0,0.056918778,0.0,0.0,0.0,0.0,0.0,0.0,0.0,0.037079506,0.0,0.0,0.009142163,0.008705631,0.0,0.0,0.0,0.0,0.010164778,0.0,0.0,0.0,0.0020309272,0.0,0.0,0.0,0.0,0.0,0.0,0.0,0.089917086,0.0089142565,0.0,0.0,0.0,0.0,0.0,0.0,0.0,0.0,0.0,0.0,0.0,0.0,0.0,0.0,0.0,0.0,0.0009013475,0.0,0.0,0.0019504577,0.013999098,0.07229279,0.048726764,0.0,0.0,0.005290943,0.0,0.0,0.008836211,0.0,0.0050432826,0.0,0.18066412,0.0,0.0,0.0,0.0,0.0,0.0,0.0,0.03217809,0.0025562886,0.0,0.0,0.0,0.005385224,0.00879533,0.0,0.19248709,0.0,0.06303333,0.030842368,0.021441722,0.025967969,0.014698588,0.0,0.16471913,0.0,0.0036217023,0.0440309,0.00027612277,0.0,0.0,0.0,0.0,0.0,0.0,0.0,0.0,0.0,0.0,0.0,0.025286168,0.00048415273,0.019860897,0.059954755,0.0,0.0,0.035319984,0.0,0.0,0.05886951,0.0,0.01960486,0.0020078558,0.00022492603,0.0,0.0,0.0,0.0,0.0,0.0,0.0,0.0,0.0,0.0,0.0,0.0007970321,0.0,0.0,0.0,0.0,0.0,0.0,0.0,0.0,0.074615076,0.0,0.0,0.08192355,0.0,0.0,0.0,0.0,0.0,0.0019391106,0.021851856,0.0,0.0,0.0,0.000110701636,0.0,0.0057102917,0.0,0.0,0.0,0.000599922,0.021601997,0.0,0.054822646,0.0,0.0,0.37621236,0.0,0.0,0.0046550003,0.0,0.0,0.0,0.004703297,0.07298402,0.016991954,9.487356e-05,0.015899604,0.004472903,0.06792271,0.0,0.0,0.0,0.0034872366,0.0,0.0,0.021739533,0.014180061,0.0,0.00028200782,0.0,0.0,0.0005287966,0.0,0.0,0.0,0.009804083,0.014140173,0.0,0.0,0.0,0.0,0.0,0.0,0.0015301363,0.0017896355,0.0,0.0,3.097556e-05,0.0,0.0019028041,0.026108095,0.00071673794,0.0,0.045805134,0.0,0.0,0.15232834,0.0,0.0,0.07352242,0.15952589,0.008220438,0.0,0.0,0.0,0.0,0.0,0.005277371,0.0,0.0,0.0,0.0,0.0,0.0,0.0,0.051751934,0.0,0.0,0.0340891,0.0,9.4675284e-05,0.0067685903,0.002916544,0.0,0.0045041507,0.033423007,0.17758943,0.0,0.14676467,0.0,0.0,0.0,0.0,0.033872887,0.0,0.0,0.0,0.0,0.0,0.0,0.0,0.03512497,0.0,0.20881616,0.009143495,0.0,0.0,0.009297343,0.0,0.21587005,0.0,0.0016170412,0.0,0.0026259082,0.0,0.039934818,0.0,0.0,0.0,0.0,0.0,0.047847893,0.0,0.0,0.00095099333,0.0,0.006620045,0.00036761528,0.0,0.0,0.0013129526,0.0,0.018530833,0.0,0.008838886,0.0,0.0020696023,0.0,0.0,0.0,0.0,0.0,0.11155113,0.033895005,0.0,0.0,0.025051154,0.0,0.004340948,0.0,0.0,0.0,0.0,0.07159376,0.028089192,0.0,0.0,0.05968724,0.0,0.0,0.0,0.0042938297,0.0,0.0,0.0,0.0,0.0,0.0,0.0,0.012586809,0.0,0.05104346,0.0,0.0,0.0,0.0,0.0,0.0,0.0,0.08278337,0.021741398,0.03894629,0.026758084,0.0063023567,0.0,0.0,0.03016825,0.6893965,0.0,0.0021935015,0.04110438,0.08856574,0.0,0.0,0.0,0.0,0.0,0.0014123796,0.0405111,0.15067796,0.0,0.0,0.0,0.0,0.0,0.0,0.031742495,0.0,0.023366116,0.0,0.0,0.0,0.0,0.0,0.0,0.0,0.0017949744,0.0030083857,0.0,0.0071919863,0.0,0.095430724,0.00033528951,0.0015544016,0.0,0.0,0.0,0.0070147696,0.0,0.0,0.0,0.0033015602,0.024769388,0.0511864,0.0,0.27545577,0.0,0.0,0.18876351,0.0,0.053309713,0.0,0.0,0.0,0.0,0.0,0.0,0.0,0.0,0.011720277,0.008228422,0.0,0.0,0.075862795,0.0,0.0,0.016315602,0.0,0.002397241,0.0,0.0,0.0,0.0,0.0,0.0037942578,0.08874251,0.0,0.0,0.0,0.0,0.0,0.0,0.0,0.049480196,0.0,0.006788191,0.0,0.0,0.0024239512,0.0,0.0,0.0,0.05985552,0.032401707,0.00522108,0.0,0.0,0.0115589565,0.0,0.0,0.0,0.015284665,0.0,0.00057863217,0.0030430672,0.0,1.0653383,0.042469356,0.016587408,0.036636498,0.0,0.0,0.0,0.0,0.0,0.0038147965,0.14245085,0.0075027505,0.0031909433,0.0057901386,0.0,0.0,0.007655336,0.0,0.0,0.0006245174,0.0,0.005695367,0.0,0.0,0.0,0.0,0.0,0.0,0.016409017,0.0,0.25729442,0.0,0.0,0.0,0.026395272,0.0,0.0,0.0,0.0054932553,0.0,0.0027729594,0.028298607,0.0,0.0,0.0,0.0,0.0,0.0,0.0,0.0019141083,0.0,0.0,0.0193477,0.0,0.0,0.0,0.0,0.0,0.0,0.0,0.0,0.0,0.0,0.0,0.0014832446,0.009135,0.0,0.006031157,0.014430381,0.0,0.0012917689,0.038635537,0.0,0.0,0.0008161548,0.0,0.031640317,0.0021996386,0.0,0.0,0.0,0.009856054,0.12163284,0.0,0.0,0.0071263704,0.0068610185,0.0,0.0,0.0,0.006769781,0.0,0.0027644236,0.0037477764,0.0,0.0,0.00056418835,0.0,0.0,0.0,0.0,0.0,0.0,0.007353177,0.00013826575,0.0,0.0,0.0,0.060874436,0.0034616382,0.05039538,0.0,0.0,0.0,0.0,0.0,0.01494476,0.058682155,0.0,0.0,0.0,0.0,0.47393483,0.0029097188,0.0,0.0,0.0017873122,0.0,0.0,0.018564459,0.00096864847,0.0,0.0,0.014945573,0.0,0.0,0.0,0.1222685,0.0,0.0,0.028561933,0.0,0.0,0.0036476133,0.0,0.016326567,0.018338736,0.0,0.0,0.0,0.0,0.0,0.004450611,0.0,0.12532437,0.11976194,0.0,0.00053035363,0.0,0.052290186,0.0011745837,0.0,2.2478249e-05,0.007248928,0.0,0.0,0.0019847264,0.0,0.0,0.024747321,0.0033403197,0.0,0.0,0.0,0.0,0.0,0.0,0.0,0.0,0.02408305,0.0,0.0,0.0,0.0020026625,0.0013828962,0.0,0.0,0.040431973,0.006022704,0.012767973,0.0,0.0,0.0,4.135954e-05,0.0071317833,0.0,0.10099732,0.010076317,0.0004905728,0.0,0.0,0.0,0.0,0.0013889902,0.0,0.0,0.0041899267,0.04348722,0.0,0.0,0.0,0.50509155,0.008750621,0.0,0.0044009127,0.0,0.020196328,0.029269231,0.16594638,0.027098719,0.0,0.023400147,0.040302068,0.0,0.0,0.0,0.0,0.0,0.0,0.0,0.018982206,0.0,0.0,0.095702775,0.0023610592,0.0,0.0,0.0,0.016435336,0.0,0.0,0.0,0.0,0.0,0.01074355,0.08963042,0.27979568,0.0019374752,0.0,0.0,0.031052902,0.07227339,0.0,0.0,0.0,0.023898548,0.0,0.00089424,0.004406228,0.0,0.0,0.0,0.02987893,0.0,0.0,0.059587166,0.0,0.0,0.0029235664,0.053240012,0.0,0.0,0.0,0.0014397223,0.0,0.0044298028,0.0,0.0,0.011294336,0.0,0.0,0.0,0.0048374864,0.0058466024,0.002575935,0.0,0.0,0.024586426,0.0,0.0,0.0,0.035734314,0.0,0.026544936,0.03361029,0.03509456,0.005055897,0.024455942,0.0025099856,0.0046261437,0.08598954,0.0,0.08293051,0.03685501,0.0016537965,0.0,0.0,0.0,0.005348524,0.0,0.054241043,0.28386462,0.0,0.02013308,0.011566154,0.12804939,0.0,0.0,0.0,0.003122444,0.0,0.062018532,0.0,0.015404436,0.0,0.2780416,0.0,0.06020733,0.0024348702,0.011399055,0.0,0.0,0.0011347873,0.006233787,0.0,0.005023311,0.24260622,0.0,0.0,0.0,0.009218795,0.0,0.0,0.015813887,0.0,0.03135818,0.013185565,0.0,0.0,0.004533966,0.0,0.010243953,0.011306675,0.041338746,0.0,0.0,0.17116214,0.0,0.107592404,0.0,0.0,0.0,0.0,0.0,0.015866755,0.051970016,0.0017224468,0.0,0.0,0.010882091,0.0,0.0,0.0,0.0,0.002740585,0.39548966,0.0,0.0,0.0,0.0,0.0,0.0,0.010718462,0.0,0.0,0.0,0.0,0.0,0.0,0.0,0.08963928,0.000966004,0.0,0.0,0.18391763,0.27989787,0.0,0.0,0.0015327116,0.07902848,0.3239559,0.028282799,0.0,0.0,0.0,0.0,0.0,0.0,0.0,0.0,0.0,0.0,0.0,0.0,0.0,0.0,0.0,0.0,0.0,0.053337462,0.0,7.27128e-05,0.01173405,0.16874826,0.012284184,0.0185346,0.0,0.0,0.0,0.0,0.019388359,0.0,0.0,0.03060536,0.0,0.0,0.0,0.0137851825,0.0,0.0,0.0,0.0,0.0,0.0,0.0,0.0,0.07651325,0.06875677,0.0,0.0,0.36396888,0.0,0.0019478932,0.0,0.0,0.016837794,0.033286884,0.0,0.05731125,0.0,0.0,0.032151066,0.00028726071,0.0,0.14530845,0.0,0.0049414244,0.006060936,0.041217342,0.0,0.0015511428,0.0,0.019133734,0.0,0.023960512,0.031039,0.0,0.0013473046,0.0,0.07490851,0.0,0.0,0.056086972,0.04712362,0.0,0.0,0.0,0.0,0.0,0.019664565,0.0,0.0,0.0726436,0.0,0.0018391411,0.0018692358,0.0,0.0099901315,0.05220083,0.0,0.0,0.0,0.0,0.01611342,0.0,0.0045473073,0.024301203,0.13542901,0.0030985656,0.003498469,0.029278034,0.041462947,0.039040864,0.0,0.013870192,0.0,0.0,0.0,0.0,0.0,0.0,0.0,0.19020715,0.12991516,0.0,0.0,0.0,0.025473105,0.0,0.0,0.029225038,0.0,0.0,0.00930133,0.0,0.010631671,0.0,0.18564637,0.0,0.0,0.0,0.0,0.0,0.0,0.0,0.0021017157,0.0,0.0,0.0,0.0,0.00092440663,0.0032662584,0.0851402,0.03270577,0.0,0.0,0.0,0.026983708,0.01862803,0.15651743,0.030614804,0.0029719023,0.022666581,0.0,0.0,0.0,0.0,0.0,0.0068290657,0.0017012382,0.040744204,0.0,0.0,0.002488581,0.0,0.0,0.0,0.004033384,0.00024096455,0.02096344,0.0,0.006839257,0.10184507,0.037445653,0.0,0.04150192,0.03397914,0.0,0.0,0.0,0.049034916,0.0020127296,0.0,0.0,0.14295046,0.0,0.083171315,0.01693553,0.012334598,0.0043946956,0.06064132,0.62018687,0.02487581,0.0019323498,0.08389321,0.0,0.0,0.0,0.21188477,0.019368222,0.0,0.0,0.0,0.0,0.0,0.0010563603,0.0074739675,0.009108346,0.078378275,0.0,0.0,0.0,0.0,0.016837567,0.0,0.0,0.0,0.0,0.068940245,0.0,0.0,0.0,0.0,0.0,0.004848575,0.0,0.001481187,0.0,0.0,0.01704568,0.0,0.004933246,0.026420949,0.0,0.0012409164,0.0,0.02559293,0.0,0.0,0.0020331764,0.001058497,0.0,0.0065941373,0.0,0.0,0.0,0.0,0.0,0.01037538,0.0042633335,0.05702813,0.0,0.0022727519,0.0024002327,0.0,0.0,0.0,0.0,0.0027229104,0.0,0.0,0.0,0.0,0.017674683,0.0,0.002892808,0.07233953,0.0,0.0,0.07484177,0.0,0.007778219,0.07466915,0.0,0.0,0.0,0.0,0.0,0.0,0.0,0.0,0.0014565866,0.0,0.26575837,0.014037609,0.0,0.011159486,0.012895375,0.0,0.0,0.03644952,0.0013066854,0.0021996547,0.0,0.0083308015,0.0,0.018505396,0.0,0.0,0.0019433657,0.018527724,0.003374787,0.0,0.00012457128,0.0,0.0,0.0,0.0,0.0,0.0,0.0,0.0,0.0028692556,0.0,0.073150486,0.0,0.0,0.0,0.054392397,0.010152945,0.0006806923,0.0,0.0,0.0,0.0028797535,0.0,0.0,0.0,0.0,0.0,0.0,0.0,0.0,0.0,0.0,0.0,0.0,0.007663433,0.0,0.0,0.0018804,0.2140995,0.0030841439,0.0,0.01935295,0.0,0.003305491,5.0022893e-05,0.09232921,0.1235073,0.0,0.0,0.014049847,0.0,0.010879911,0.0,0.0,0.0,0.0,0.059473004,0.0,0.0,0.0,0.0,0.0,0.059451163,0.0,0.0,0.0,0.0048953975,0.0,0.0,0.0,0.0,0.0,0.17490904,0.0,0.15220496,0.0,0.0,0.0,0.0,0.0040823095,0.0,0.0,0.0,0.01280889,0.0,0.0,0.0,0.0,0.0,0.0,0.015488922,0.009825886,0.0,0.0,0.0020244997,0.01590832,0.0018920704,0.0,0.0,0.01253392,0.0,0.0,0.0,0.0,0.0,0.016136108,0.0,0.0,0.0,0.0,0.0,0.0,0.0,0.025163325,0.0,0.00020899433,0.0,0.0,0.016317705,0.0,0.022625953,0.009703644,0.33126855,0.0,0.0,0.011777988,0.0,0.0,0.0,0.0,0.0,0.0,0.0,0.0,0.0,0.0004375668,0.0,0.0,0.0,0.0,0.0,0.0,0.0,0.0146751935,0.0,0.0,0.0,0.0067765233,0.0,0.0,0.006343771,0.0,0.019729162,0.0,0.11978167,0.0,0.0,0.0,0.06317272,0.011599375,0.0,0.005641993,0.0,0.21712098,0.0,0.0,6.001823e-06,0.0,0.0013650571,0.0039162715,0.034730304,0.0,0.0,0.0,0.52889794,0.0,0.0,0.0,0.0,0.0,0.0,0.0,0.003810242,0.0,0.0,0.06159194,0.0,0.0,0.0,0.0028983075,0.0,0.021470176,0.0,0.0,0.0029918344,0.0,0.0,0.0,0.0,0.051733937,0.0,0.014336749,0.0,0.0,0.00411164,0.008530731,0.020007005,0.0,0.0,0.0,0.0,0.0,0.013253269,0.0,0.0009621771,0.0,0.9412137,0.0013860537,0.0,0.0,0.069585234,0.0,0.0,0.0,0.0,0.0,0.0,0.0,0.0,0.0,0.044302527,0.007670048,0.0,0.02734933,0.0,0.0,0.001486642,0.0,0.0,0.0,0.0,0.078102484,0.0,0.0,0.31262478,0.006675819,0.015008192,0.0,0.0,0.0,0.0,0.0009311912,0.0019399171,0.0,0.0,0.0,0.0,0.0,0.0005586646,0.0,0.0,0.0,0.0,0.0,0.0,0.0,0.021064589,0.018843053,0.064494744,0.0,0.0,0.012323742,0.0,0.0,0.03132509,0.0028882187,0.0,0.0,0.0058373674,0.0,0.34990335,0.0,0.0,0.028623877,0.333544,0.0008285009,0.0,0.012517248,0.03615952,0.0,0.05439687,0.0016323586,0.020732597,0.0,0.009356144,0.037261162,0.00082153996,0.003303936,0.0,0.0,0.042316824,0.0,0.0043601235,0.02401092,0.0,0.00025487007,0.0006601008,0.0,0.0,0.10079773,0.062008116,0.0,0.0,0.0,0.0,0.0,0.012830705,0.0,0.0,0.0,0.0,0.0,0.022366649,0.020917986,0.0,0.0,0.0,0.0,0.0020563214,0.000975385,0.0,0.013530043,0.29859865,0.0,0.009294276,0.0,0.0,0.0,0.0,0.0,0.016973399,0.050467677,0.0221899,0.0,0.007928695,0.0,0.0022247268,0.0074188034,0.00011517077,0.0,0.025191521,0.017302014,0.0,0.0,0.0,0.020523174,0.0,0.0,0.008479647,0.0,0.0,0.0,0.0,0.00297984,0.025061538,1.1095551,0.0,0.0,0.0077635194,1.0600383,0.0060479324,0.011975273,0.0,0.027236285,0.06382282,0.0,0.0,0.0,0.0,0.0,0.009221467,0.00033734768,0.014887508,0.0,0.0,0.0,0.2088724,0.0,0.0,0.0,0.04659176,0.0028461048,0.011970009,0.0,0.0,0.017920291,0.0,0.100520186,0.12463678,0.0,0.0,0.0,0.012964479,0.0,0.0,0.0,0.0,0.0,0.022614883,0.00032753605,0.0,0.0,0.0,0.0,0.0002514787,0.0125662675,0.0040632025,0.041857183,0.0,0.0011939638,0.0033415533,0.022508364,0.018872876,0.0074574472,0.0,0.03391552,0.00036150552,0.0,0.0,0.33805698,0.0,0.01460881,0.0,0.0,0.0,0.0026480933,0.0,0.08578253,0.027887816,0.0,0.0,0.0,0.0,0.0,0.057937272,0.0,0.0027703024,0.40959188,0.0,0.0,0.023238132,0.0,0.0,0.0,0.02897191,0.0,0.0049652127,0.0,0.0,0.0,0.019199906,0.008693666,0.0,0.0,0.024884654,0.0,0.32941154,0.0,0.010825863,0.0,0.0,0.004548929,0.0030900252,0.005536302,0.032446694,0.054093808,0.0,0.0018246593,0.0,0.0,0.0070538325,0.0,0.0039628414,0.08060628,0.0,0.0,0.0,0.02764882,0.0,0.046832774,0.06899728,0.004886896,0.39993498,0.036949493,0.057492767,0.00092507625,0.0,0.0,0.009115676,0.0013149247,0.0,0.0,0.017581739,0.005278738,0.00032742292,0.0,0.0,0.03182163,0.026115984,0.020602332,0.0,0.003035268,0.0,0.0,0.0,0.056404784,0.0,0.0,0.0,0.0,0.0,0.009486432,0.0,0.0,0.0014003321,0.0,0.12074883,0.0,0.038749173,0.029216208,0.0,0.0,0.0,0.28969827,0.0,0.001994257,0.0,5.232558e-05,0.0,0.0,0.028479131,0.042887136,0.0026873578,0.0,0.0,0.0,0.12137692,0.0,0.0,0.011889353,0.028622005,0.054579087,0.042536493,0.0,0.001085735,0.0091855675,0.0,0.0,0.004368887,0.01438562,0.0,0.0,0.0,0.008776077,0.007779389,0.0,0.0,0.42977256,0.007576613,0.0,0.0028829186,0.0,0.0,0.0,0.005733053,0.0,0.0,0.0,0.0,0.0,0.10511357,0.0,0.0,0.18303464,0.0055574398,0.015180361,0.0,0.0,0.0,0.0,0.0,0.0,0.00065375835,0.0,0.0,0.00023238148,0.0,0.0,0.0,0.024742829,0.0,0.0,0.0,0.0065130675,0.027866112,0.00028455257,0.0,0.0,0.0,0.0037156015,0.0,0.004154412,0.0,0.045585014,0.0,0.0,0.023277385,0.0,0.0,0.0,0.0,0.0,0.0,0.0,0.0,0.09076335,0.000837623,0.18179601,0.02429964,0.0,0.0064611216,0.0,0.01634638,0.22581583,0.0022236917,0.0,0.0,0.02392591,6.841032e-05,0.007877908,0.0,0.0,0.0,0.05895058,0.0,0.0,0.013058998,0.0037955083,0.012559083,0.005213887,0.004152805,0.0,0.0,0.0,0.126461,0.023033427,0.0062870807,0.0012560749,0.072446555,0.0,0.04885926,0.0,0.0008232782,0.0,0.0,0.0,0.0,0.0,0.0,0.0,0.0,0.0017607261,0.0,0.0,0.006541612,0.0,0.0,0.0,0.0,0.0796143,0.0,0.0,0.0,0.015344454,0.0,0.056892823,0.0,0.0,0.0,0.012709904,0.0,0.0,0.0,0.0,0.0011087935,0.03160956,0.0,0.0,0.0,0.0,0.0,0.022244446,0.06347315,0.0019593884,0.0,0.09281622,0.27784425,0.002307811,0.14415818,0.0,0.14610353,0.0,0.010979093,0.04961948,0.0,0.003480191,0.0,0.0,0.037396513,0.0,0.0,0.0071039135,0.0003726338,0.00088132464,0.0,0.0,0.08543659,0.0,0.0,0.0,0.0,0.0,0.0037837417,0.0,0.0,0.15459141,0.0006562094,0.0,0.0,0.0,0.0,0.0,0.0,0.0,0.0,0.0,0.17974527,0.0,0.003743146,0.055820543,0.0,0.0022099717,0.0,0.0,0.0,0.0,0.0,0.0,0.0,0.0,0.0,0.01440975,0.00476164,6.352274e-05,0.0,0.0,0.0,0.0,0.0,0.013953927,0.0,0.013497687,0.0,0.0,0.07392836,0.0,0.0,0.0,0.0,0.0,0.0,0.0,0.28141782,0.0015413444,0.033298988,0.00013248075,0.02202114,0.00980103,0.0,0.0,0.08175538,0.012231196,0.0,0.028539484,0.0,0.043299656,0.0,0.0,0.005014034,0.0025358177,0.0,0.0,0.02489067,0.037561703,0.0,0.0,0.0,0.0,0.0,0.0,0.0,0.56956714,0.003476846,0.0069408086,0.0,0.0,0.0,0.0,0.10558366,0.0,0.0,0.19678777,0.0,0.0,0.0,0.02806912,0.0031321098,0.0,9.9857854e-05,0.1572041,0.001760425,0.0,0.0,0.0,0.0021504282,0.0012856867,0.0,0.0,0.12157431,0.0,0.0,0.0,0.0016181992,0.0,0.011849688,0.0,0.0,0.0,0.0,0.0,0.0,0.0,0.0,0.0045730267,0.014505898,0.008789643,0.13340893,0.0,0.0005997723,0.054145668,0.0015858813,0.0010666008,0.0015484508,0.0,0.0,0.0,0.0,0.0,0.0,0.004536512,0.004754362,0.0,0.0,0.008844495,0.05996889,0.35977906,0.0,0.0,0.0011491606,0.006144531,0.0,0.0,0.003944206,0.0004172544,0.0,0.0,0.0,0.0,0.0038493713,0.22010772,0.012344482,0.0,0.010245513,0.0,0.0,0.0,0.0,0.0,0.009147014,0.0,0.0048244474,0.0,0.0,0.0014943797,0.00028036322,0.010383015,0.0,0.0,0.0,0.0,0.0,0.0025988368,0.0033454665,0.0,0.0058521493,0.01015849,0.0,0.0,0.0,0.0032232113,0.02824416,0.0,0.00776297,0.0,0.03187327,0.0,0.0,0.0,0.6363434,0.0,0.096645534,0.0,0.0,0.0,0.1761073,0.016855575,0.013121816,0.0148635255,0.20638277,0.08805098,0.41623917,0.0,0.010257599,0.025719602,0.0,0.0,0.0045570973,0.0,0.0,0.08048975,0.012861006,0.0,0.0058088815,0.0005340084,0.0019706024,0.0,0.0,0.15506765,0.0,0.0,0.0029162047,0.0,0.0,0.0026981137,0.0020563165,0.0,0.0,0.0,0.0,0.0,0.0,0.0,0.0,0.0015016122,0.0,0.0,0.12124059,0.0007325356,0.011886796,0.0,0.0042883535,0.0,0.0,4.138691e-05,0.0,0.0,0.0,0.0034636003,0.0,0.0,0.0,0.009087349,0.0,0.0,0.0019350563,0.01937654,0.0,0.0,0.0,0.0036059278,0.0,0.118774734,0.00888261,0.14238648,0.0,0.045089487,0.0,0.0,0.021545485,0.0,0.0,0.0,0.0,0.006979031,0.19817905,0.0,0.002276715,0.0,0.0032179332,0.015876872,0.16138314,0.0,0.0,0.0005860888,0.0,0.0,0.0,0.0,0.0,0.0,0.0,0.0,0.0,0.05467052,0.06117094,0.0,0.006450828,0.15787856,0.0,0.0,0.0,0.0,0.13063718,0.0,0.0,0.0,0.0,0.0,0.29149446,0.0,0.06012069,0.08669647,0.0074510686,0.0,0.0,0.0,0.0,0.0,0.0,0.0,0.0,9.0703674e-05,5.9914833e-05,0.0,0.0,0.0,0.014017769,0.0,0.0,0.0,0.0,0.0,0.0,0.0,0.0,0.0010256713,0.0,0.0,0.015380402,0.0,0.0,0.013166849,0.0,0.0,0.0,0.1391405,0.15210325,0.0,0.0,0.0,0.0,0.028881488,0.0,0.0,0.0,0.0,0.0,0.0,0.0,0.0,0.006360702,0.007742342,0.0,0.0,0.0,0.062646955,0.010706277,0.0,0.0,0.0,0.0,0.0,0.0,0.0,0.0003769711,0.0085584,0.0,0.0,0.0,0.0,0.0,0.0,0.0,0.0,0.0,0.23843831,0.0,0.014075505,0.0026912275,0.03219225,0.07945544,0.0029253247,0.0,0.00487214,0.0,0.030164713,0.06750321,0.0042866543,0.004140624,0.055793725,0.0,0.0,0.0,0.013758532,0.0,0.05004785,0.00078924577,0.0,0.0,0.12178545,0.0,0.0,0.011133511,0.0,0.028893145,0.0,0.218246,0.0,0.0,0.0,0.0,0.0,0.004442034,0.0,0.0,0.0,0.0,0.0,0.0,0.0,0.0,0.0,0.019295815,0.0,0.0010007462,0.0,0.0,0.0,0.0,0.0,0.0,0.0,0.0,0.0,0.0,0.034928694,0.0018322613,0.0,0.0,0.0,0.0,0.0,0.0,0.0,0.0413637,0.0,0.0,0.0,0.0,0.0,0.0,0.0,0.0,0.0067721447,0.0036769595,0.07970792,0.0,0.0,0.0,0.0,0.0,0.0,0.0,0.0,0.0,0.0,0.072310895,0.0,0.0,0.11545686,0.010876051,0.0,0.0,0.0,0.0,0.006382615,0.0,0.0029350251,0.0132738855,0.015637944,0.0,0.0,0.004307764,0.16184847,0.011141475,0.0,0.00029859494,0.0,0.0,0.0,0.0,0.029027643,0.0,0.0,0.0,0.0,0.0,0.0,0.0,0.0,0.0003941351,0.0054544215,0.04044371,0.0025252409,0.0,0.00408754,0.0,0.0,0.0,0.24666257,0.042382833,0.0,0.0,0.0,0.001320244,0.0020389406,0.0,0.0,0.024687164,0.0,0.06825924,0.0,0.010802051,0.0,0.0,0.0,0.0,0.0,0.077261984,0.0,0.0,0.0012961985,0.0003657207,0.0,0.0,0.0104942,0.041726273,0.015068504,0.0,0.060323853,0.00038088646,0.0,0.0028336,0.0,0.052515708,0.0,0.0,0.0,0.0,0.0,0.0031685173,0.0,0.0,0.0,0.0951636,0.0,0.0,0.0043996735,0.0,0.0,0.0,0.0,0.005615181,0.012681939,0.0,0.20762284,0.0,0.6367656,0.030566286,0.0046413103,0.019470785,0.0,0.0,0.0,0.0,0.0,0.047748502,0.025158186,0.0,0.0,0.004158239,0.0349383,0.03773286,0.0,0.0,0.009260754,0.1449597,0.0,0.0,0.0,0.0,0.10720105,0.0,0.0,0.009737929,0.0,0.0,0.017741863,0.0015330971,0.036356926,0.0,0.00020877074,0.0019939856,0.0,0.0037423286,0.0,0.0,0.0,0.0,0.0,0.005150841,0.0,0.0018321531,0.0,0.0,0.0,0.05954355,0.0017166837,0.0071825352,0.28989157,0.0,0.0,0.0046771495,0.0,0.0033903054,0.0,0.0008650735,0.0,0.5257977,0.0,0.0,0.15501161,0.016569927,0.0,0.0,0.029991906,0.0,0.0,0.0,0.0,0.0,0.0008322942,0.0,0.0,0.0,0.0,0.0,0.09626728,0.0,0.0,0.0,0.023417886,0.0,0.0,0.0029018412,0.0,0.0,0.0,0.0,0.044824984,0.0,0.0011194288,0.0002523247,0.034870952,0.0,0.0,0.0,0.0,0.016767891,0.0,0.0,0.0056174956,0.043887906,0.0,0.004515235,0.002152647,0.0,0.0,0.039149567,0.00078041945,0.0,0.0,0.36265835,0.0448794,0.0,0.02502833,0.0,0.0,0.0067945425,0.057791524,0.0,0.0,0.0050839186,0.38139826,0.0,0.0,0.15366247,0.021310078,0.0,0.0,0.0,0.0,0.0,0.053623725,0.03842387,0.0,0.0,0.0,0.0314481,0.0,0.0,0.0,0.03425028,0.0034224968,0.003246232,0.0,0.0,0.03250446,0.10467751,0.003937062,0.0,0.0,0.0,0.00079187204,0.0,0.0,0.0,0.0,0.04183811,0.0012293896,0.0,0.0,0.0,0.0,0.007051474,0.0,0.0,0.0,0.10397202,0.0,0.003504124,0.0,0.0,0.023835674,0.0016733968,0.0047158683,0.0019290338,0.0,0.024177812,0.0048557664,0.0,0.076184645,0.0009059225,1.2093874,0.0037433687,0.0,0.0,0.10137819,0.0,0.0040253983,0.0,0.0,0.07462343,0.0029349753,0.0031405273,0.0,0.0,0.004122549,0.0,0.0,0.0,0.0,0.0,0.0013423521,0.20150052,0.0,0.010562393,0.050921906,0.0,0.0,0.001736838,0.0,0.0,0.0,0.0,0.006876308,0.0,0.68356067,0.0,0.0142045645,0.0,0.0,0.0,0.0,0.0,0.0,0.0,0.010976649,0.0,0.0,0.041508153,0.0,0.0,0.0,0.00959916,0.0021158762,0.0,0.22321697,0.0,0.0,0.0,0.00044213264,0.8225958,0.0,0.0,0.0,0.0006532718,0.0,0.0,0.0,0.0,0.0,0.062183283,0.0,0.003157966,0.12455,0.0,0.0071458365,0.0016560183,0.0,0.0,0.0,0.008640797,0.0,0.0,0.0,0.0,0.0,0.00085009605,0.0,0.0,0.0,0.08140544,0.0,0.07415302,0.06269606,0.06800697,0.04158382,0.0,0.0,0.0007939655,0.0,0.0,0.0,6.5617416e-05,0.0,0.21169776,0.0,0.0017497102,0.0,0.0009430531,0.23876236,0.017364455,0.005992442,0.0,0.0,0.00824128,0.0,0.0,0.0055755,0.0,0.0,0.0,0.0,0.07346243,0.046131045,0.0,0.0037627998,0.0,0.015575099,0.0,0.0,0.019888598,0.0001915681,0.0,0.0,0.0,0.0,0.018498693,0.0,0.0,0.029892508,0.0037735316,0.0,0.004269741,0.0,0.0,0.0007190607,0.056916233,0.0,0.0,0.008200994,0.0,0.00012871076,0.0,0.0,0.0,0.0,0.0,0.0,0.0,0.029751102,0.020450486,0.0,0.0,0.0,0.0,0.0,0.0,0.0,0.0,0.0,0.0,0.0,0.0,0.0,0.0,0.16158484,0.0017708078,0.0,0.009107759,0.0,0.0,0.024861846,0.0,0.0,0.0,0.06868034,0.0,0.0,0.0,0.037952356,0.0,0.0,0.0026583385,0.0,0.0,0.0017768133,0.0,0.0,0.0,0.0,0.0,0.0,0.002556217,0.0,0.0,0.101397604,0.0,0.0011532586,0.0,0.0,0.0,0.0073830984,0.0,0.0,0.0062685427,0.0,0.0011443874,0.0,0.0,0.0,0.0,0.012546085,0.008003327,0.0,0.0006275013,0.0,0.0011298802,0.0,0.0,0.037926145,0.0,0.0,0.0,0.0,0.000429269,0.0028015713,0.018279094,0.0,0.009320742,0.0,0.0,0.0,0.012965572,0.037892763,0.0,0.0,0.0,0.056802586,0.0,0.0,0.0,0.001029472,0.0,0.0,0.0,0.014545429,0.0,0.19863987,0.12054087,0.14187703,0.0,0.005449396,0.0,0.0,0.0,0.0367839,0.0,0.0,0.0,0.0,0.0,0.0,0.014064475,0.0,0.0,0.044401888,0.00016006401,0.053518247,0.0,0.0,0.0,0.0,0.02387891,0.0016025488,0.0,0.0,0.0,0.0,0.0,0.00986982,0.0,0.05862075,0.0073492858,0.0,0.0921498,0.0,0.026415031,0.0,0.0,0.059275765,0.0,0.0,0.16960856,0.0,0.0,0.0,0.03715085,0.0009743492,0.002711318,0.0,0.0,0.30933377,0.0024423357,0.01529794,0.021538207,0.0,0.01380126,0.013093434,0.017211244,0.0,0.0,0.00029277953,0.0,0.100955196,0.0,0.0,0.0,0.0,0.0,0.010745365,0.0,0.0,0.0,0.55644554,0.0,3.969548e-05,0.0,0.035911404,0.0,0.0,0.0,0.0,0.0,0.0,0.0,0.0,0.006259938,0.0028668982,0.0,0.01861076,0.0,0.0,0.0,0.0026179224,0.0,0.0,0.006419701,0.0019118737,0.0,0.0,0.016774109,0.0,0.008993915,0.0,0.0,0.0,0.0,0.0,0.002205255,0.0,0.0,0.0,0.0,0.0,0.028028721,0.004782387,0.0,0.008898794,0.08318348,0.0,0.0,0.029689016,0.02329199,0.0068435594,0.0,0.0029477028,0.0,0.0,0.0,0.0,0.0,0.0,0.0,0.0,0.0,0.0021225505,0.018102406,0.016979108,0.0,0.000869532,0.0,0.0,0.0020605435,0.006904934,0.0,0.0,0.004482374,0.002125763,0.060660414,0.0,0.0,0.0,0.010788202,0.0038835772,0.0,0.0071324147,0.0,0.0,0.0013889902,0.18680148,0.0066431994,0.07643217,0.0,0.0,0.027953964,0.00967449,0.0,0.0,0.0,0.0,0.0,0.0,0.0,0.0,0.0,0.49047345,0.0,0.0052456795,0.0,0.0,0.033470187,0.0,0.6380134,0.0,0.0,0.0,0.0,0.0,0.0,0.08473081,0.0005141436,0.0,0.0,0.0,0.0,0.0,0.0101731615,0.021001853,0.3531963,0.0,0.0,0.0028848697,0.0,0.0,0.035916083,0.0,0.0,0.0,0.008925895,0.0,0.06988472,0.0,0.008177347,0.0,0.0016428962,0.0,0.0010570167,0.0,0.0,0.07838307,0.0,0.00021976598,0.0,0.14867295,0.0,0.0,0.0031682095,0.0,0.0,0.0,0.0,0.0,0.0,0.002134556,0.25952956,0.0154554015,0.0,6.214179e-05,0.0,0.0,0.0019894473,0.0,0.0,0.0,0.0,0.0,0.0,0.0,0.0,0.0,0.0,0.0,0.12832561,0.0,0.0,0.0,0.0,0.0,0.0048214076,0.0021288258,0.011469432,0.01611914,0.0,0.0,0.0024774037,0.01790204,0.0,0.0,0.0,0.0,0.009049268,0.0,0.029400172,0.0,0.048478693,0.0,0.014690079,0.0,0.0,0.0015419429,0.23404586,0.0,0.0,0.0,0.03197601,0.0,0.0,0.0,0.0,0.0,0.01759517,0.0,0.0,0.0102044735,0.017956426,0.0,0.040067762,0.0064234557,0.0,0.0,6.873267e-05,0.0,0.0,0.0,0.0,0.0,0.0,0.0,0.0,0.0,0.062460568,0.00168899,0.0,0.02171204,0.016346473,0.0,0.0,0.013100739,0.0,0.008459389,0.0005330249,0.0,0.0,0.0,0.0,0.0,0.0029978813,0.0,0.0,0.0,0.0,0.0,0.0016714651,0.0,0.006434922,0.0,0.0019553923,0.019681105,0.0,0.0,0.0,0.0014129543,0.0,0.008305832,0.0,0.0,0.0,0.036105942,0.0031076504,0.0042206333,0.0,0.0016651567,0.0076526576,0.034155615,0.0,0.18781829,0.0,0.0,0.13218954,0.0,0.0,0.0,0.0,0.014229682,0.0017112348,0.0,0.0009818466,0.0,0.0,0.0,0.0,0.0,0.0,0.0,0.08833862,0.0007789764,0.0,0.02419351,0.0,0.0,0.037518766,0.010592305,0.0,0.0008548401,0.01632517,0.00022431722,0.0,0.0,0.0349613,0.017235246,0.045238078,0.00031680963,0.0,0.0,0.0,0.0020990444,0.07648506,0.0,0.0,0.0278901,0.109319486,0.0,0.007815377,0.0,0.012993377,0.000501045,0.0,0.0,0.018857533,0.05382849,0.124304034,0.0,0.0,0.0025539885,0.0,0.0024886983,0.0,0.008283148,0.0,0.0006753024,0.0,0.0,4.7537746e-05,0.13236131,0.0,0.0,0.0,0.0,0.0,0.0,0.0,0.0,0.0017546123,0.0,0.13726354,0.0,0.0,0.0,0.0,0.003314349,0.008046171,0.020578,0.0,0.0,0.0,0.049403608,0.0,0.0,0.0,0.0,0.0,0.0,0.0,0.0,0.0,0.0,0.0019704031,0.0,0.005287916,0.0060683065,0.0,0.0,0.0,0.0,0.010096233,0.0,0.0,0.08531946,0.0,0.030499194,0.0,0.0,0.0,0.0,0.0,0.0,0.0,0.007786196,0.0026643507,0.0,0.0,0.0036551564,0.0,0.071748674,0.0,0.0,0.033012945,0.0056523983,0.0,0.0,0.0152627975,0.0,0.04374641,0.0,0.0,0.00016473873,0.014611496,0.0,0.0,0.0069470983,0.0,0.0,0.0036628442,0.0,0.0034410667,0.0038917419,0.0,0.002487606,0.0,0.011492883,0.0,0.0,0.0,0.0,0.00068008655,0.0,0.0,0.0,0.020075243,0.0,0.0053739594,0.0,0.13531922,0.002875586,0.017810037,0.0,0.0,0.0018585688,0.0035964446,0.0,0.0,0.0,0.0,0.0065638726,0.01271042,0.1822113,0.0,0.00461455,0.0,0.012111617,0.0,0.058923546,0.0003962225,0.0,0.0,0.0,0.0,0.090513766,0.0,0.17677169,0.0,0.0,0.00079403317,0.0,0.0,0.0,0.15505266,0.00076191156,0.045857895,0.056217067,0.0,5.8503783e-06,0.0,0.0,0.010225833,0.0,0.0,0.0,0.0,0.0034678956,0.0,0.0015226104,0.0,0.0,0.0,0.0,0.0,0.0074261194,0.0,0.024919989,0.0032750247,0.0,0.0038612643,0.0,0.18963362,0.0,0.077445276,0.0,0.0,0.0,0.0,0.0,0.0,0.0,0.0320405,0.0,0.012152536,0.0,0.005503658,0.0029235599,0.0,0.0,0.089302726,0.0,0.033226877,0.0012140736,0.0,0.0009660064,0.01855936,0.037336078,0.0,0.0,0.0,0.0,0.07908386,0.0,0.000109547254,0.0051565296,0.0,0.0033325346,0.008030601,0.0,0.0,0.0,0.0,0.0,0.0007016288,0.0,0.0,0.0,0.0075876457,0.0007261792,0.014384747,0.010326619,0.0,0.0025152625,0.015074813,0.0,0.0,0.04559177,0.0050588213,0.0,0.0,0.10657374,0.0,0.056795154,0.0013893892,0.0009126447,0.0043718014,0.010164135,0.0,0.0013059597,0.0,0.0,0.0,0.0,0.0,0.0,0.015536365,0.022109805,0.015619973,0.0,0.0,0.0,0.0,0.0,0.0,0.0,0.00066353835,0.0012821457,0.0,0.0030002836,0.0,0.0,0.006797044,0.0,0.0,0.019343963,0.0029157973,0.00046360615,0.0,0.0,0.21298403,0.11657775,0.01365291,0.01968956,0.0,0.009715932,0.0,0.017509501,0.0,0.030030798,0.0,0.0,0.0,0.0,0.33221447,0.0,0.005062227,0.0,0.024174461,0.0,0.010316328,0.0,0.0,0.0,0.14717673,0.0,0.0,0.0,0.0,0.0,0.0,0.0,0.0,0.0066159354,0.0,0.0011605596,0.08620624,0.0038375526,0.0,0.0,0.0,4.828706e-05,0.07368902,0.0,0.004724332,0.0,0.0,0.0,0.0,0.0,0.033893038,0.225335,0.0,0.0,0.014944415,0.026649043,0.00786594,0.0,0.0051059737,0.0214846,0.0,0.39698622,0.06306172,0.0015141113,0.0,0.0,0.0,0.0,0.0,0.0,0.003989838,0.0055294656,0.0,0.005959861,0.0,0.0,0.0,0.0,0.0,0.0,0.008616166,0.0,0.0053599416,0.0,0.8037419,0.0,0.00056296587,0.0,0.0,0.021359785,0.0,0.0,0.0,0.0,0.012527004,0.0,0.0,0.0,0.0,0.20158933,0.0,0.0,0.011531086,0.028673373,0.0,0.0,0.0,0.0,0.0,0.0,0.0,0.0037492076,0.0,0.0,0.015877968,0.0,0.0,0.0040076487,0.012135164,0.0,0.0,0.14996628,0.0,0.0,0.17281093,0.0,0.03731749,0.0,0.0,0.0,0.17742488,0.0,0.0,0.0,0.0,0.0,0.0,0.0,0.0,0.0425393,0.0,0.0,0.0,0.0,0.0007674743,0.013646805,0.0,0.0037816348,0.0,0.0,0.0,0.0029532325,0.0,0.055057302,0.0,0.025194604,0.0029359618,0.0,0.0076347576,0.013913167,0.022636922,0.004165996,0.0,0.0,0.006272597,0.0,0.0,0.0,0.0013966864,0.0,0.0,0.0,0.0,0.0,0.12474244,0.0,0.0,0.0,0.0,0.0,0.0,0.0055186152,0.042293783,0.0,0.0,0.011225318,0.055522397,0.0020875395,0.0,0.0,0.9634122,0.0,0.0,0.0,0.00558278,0.0,0.004482813,0.032943547,0.071480654,0.0,0.0031330062,0.0,0.0,0.014516734,0.00092457206,0.079203025,0.020569406,0.003490341,0.0,0.0,0.0,0.0,0.38077936,0.0008651375,0.06112264,0.0012612988,0.06883311,0.0,0.0,0.0,0.00047037067,0.0,0.010056283,0.04078623,0.0,0.0,0.0,0.0,0.006283611,0.0,0.010383603,0.0,0.0,0.0,0.0,0.0,0.02933109,0.0,0.37907547,0.004333108,0.0025604395,0.002105444,0.13565138,0.021107893,0.04567788,0.0,0.0,0.0,0.0,0.0,0.0,0.0033990017,0.0,0.00087292824,0.022177929,0.009534527,0.0,0.023557734,0.053550184,0.0,0.003769535,0.0,0.0,0.008084865,0.015059618,0.103559546,0.0,0.0,0.05262693,0.0,0.0,0.0034419906,0.0,0.34766555,0.05753159,0.0,0.0,0.022566583,0.0,0.0,0.0,0.0018782944,0.0,0.006246882,0.014962172,0.0,0.005462092,0.0,0.021821525,0.08770707,0.0,0.0,0.0,0.047987618,0.0,0.00093185354,0.0052862056,kennedy6.jpg
